Token,Lemma
SEEEESSSSONGENSTRRNEEN,SEEEESSSSONGENSTRRNEEN
 , 
vERLINER,vERLINER
 , 
1,1
m,m
iädeineHaus,iädeineHaus
",",--
Weis,Weis
Gem,Gem
Ei,Ei
8.,8.
weite,weit
"""",--
Er,er
208,208
(,--
Pod,Pod
.,--
Erber,Erber
;,--
emm,emm
113,113
",",--
 , 
EEE,EEE
 , 
Mittwoch,Mittwoch
",",--
13.,13.
November,November
1918.,1918.
 , 
note,noten
",",--
22400,22400
",",--
eZ,eZ
EE,EE
WR,WR
ae,ae
 , 
.,--
aI,aI
3,3
n,n
;,--
Reutöln,Reutöln
:,--
Le,Le
 , 
Zas,Zas
Programm,Programm
der,der
neuen,neu
Regierung,Regierung
 , 
Lebensmitfel,Lebensmitfel
für,für
Deutschland,Deutschland
.,--
 , 
Telegraphischer,Telegraphischer
Bericht,Bericht
Washington,Washington
",",--
11.,11.
November,November
.,--
In,in
einey,einey
Auspracke,Auspracke
auf,auf
dem,der
Kongreß,Kongreß
fagie,fagie
Präsident,Präsident
Wilson,Wilson
:,--
Die,der
Alliierten,alliierter
bes,bes
etüctigen,etüctigen
",",--
die,der
Mittelmächte,Mittelmächt
mit,mit
Ledeus-,Ledeus-
mitteln,Mittel
zu,zu
versorgen,versorgen
und,und
sofort,sofort
eine,ein
Unierfiüzungsorganisation,Unierfiüzungsorganisation
",",--
wie,wie
früher,früh
für,für
Belgien,Belgien
",",--
ins,in
Leben,Leben
zu,zu
rufen,rufen
.,--
.,--
Bilson,Bilson
sagte,sagen
weiler,Weiler
:,--
Mit,mit
Hilfe,Hilfe
das,der
.,--
brach-,brach
liegenden,liegend
Schiffsraums,Schiffsraum
der,der
Mitielmächte,Mitielmächt
sollte,sollen
alsbald,alsbald
mö,mö
;,--
in,in
",",--
die,der
unterdrüdten,unterdrüdt
Völ,Völ
»,--
er,er
Verelendung,Verelendung
zu,zu
befreien,befreien
nd,nd
ihaen,Ihaen
den,der
Einn,Einn
für,für
die,der
großen,groß
Kuf-,Kuf
ben,ben
des,der
politishen,politish
Aufbaues,Aufbaues
 , 
Friedens,Frieden
zu,zu
tun,tun
mit,mit
welcher,welcher
Autorität,Autorität
werden,werden
.,--
sie,sie
uns,uns
gegenübertreten,gegenübertreen
",",--
und,und
mit,mit
welcher,welcher
Bürgschaft,Bürgschaft
",",--
deß,deß
hre,hr
Autorität,Autorität
von,von
Dauer,Dauer
sein,sein
wird,werden
?,--
Hier,hier
liegt,liegen
ein,ein
Grund,Grund
für,für
nicht,nicht
geringe,gering
Görgen,Görg
und,und
fürchtungen,fürchtungen
",",--
Wenn,wenn
Frieden,Frieden
geschlossen,schließen
„,--
auf,auf
wessen,wess
Versprechungen,Versprechung
und,und
Ver,Ver
»,--
Stungen,Stung
außer,außer
denen,der
von,von
uns,uns
scibst,scibst
wird,werden
er,er
beruhen,beruhen
?,--
Seien,Sein
wir,wir
offen,offen
gegen,gegen
uns,uns
selbst,selbst
und,und
geben,geben
wir,wir
zu,zu
",",--
daß,daß
diese,dieser
Fragen,Frage
jeht,jehen
nict,nict
sofort,sofort
beantwortet,beantworten
werden,werden
Bunen,Bu
.,--
Aber,aber
hie,hie
Moral,Moral
ist,sein
",",--
daß,daß
Hoffnung,Hoffnung
besteht,bestehen
",",--
daß,daß
eine,ein
befriedigende,befriedigend
Antwort,Antwort
bald,bald
möglic,möglic
<,<
ist,sein
",",--
Die,der
Völker,Volk
",",--
die,der
eben,eben
erst,erst
aus,aus
dem,der
Joch,Joch
der,der
Willkürlichkeit,Willkürlichkeit
herausgekommen,herausgekommen
find,Find
und,und
die,der
jekt,Jekt
endl,endl
;,--
in,in
den,der
Besiß,Besiß
ihrer,ihr
Frei,Frei
»,--
 , 
heit,heit
si,si
selbst,selbst
finden,finden
",",--
und,und
in,in
der,der
Zwischenzeit,Zwischenzeit
üssen,üssen
wir,wir
den,der
Frieden,Frieden
aufrichten,aufrichten
",",--
der,der
ihren,ihr
 , 
fsiher,fsih
und,und
zufrieden,zufrieden
zu,zu
Inben,Inben
",",--
wenn,wenn
sie,sie
ihre,ihr
eigenen,eigen
Angelegenheiten,Angelegenheit
in,in
Ordnung,Ordnung
ge,ge
»,--
dract,dract
Haben,Haben
.,--
IH,IH
persönlich,persönlich
zweifle,zweifle
nicht,nicht
an,an
ihrer,ihr
Absicht,Absicht
oder,oder
an,an
ihrer,ihr
Fähigkeit,Fähigkeit
.,--
Einige,einiger
zlüZliche,zlüZliche
Anzeichen,Anzeichen
sind,sein
vorhanden,vorhanden
",",--
daß,daß
sie,sie
den,der
Weg,Weg
der,der
Selbstbeherrschung,Selbstbeherrschung
und,und
friedlichen,friedlich
Anpassung,Anpassung
kennen,kennen
und,und
fuchen,fuchen
werden,werden
.,--
Wenn,wenn
sie,sie
es,es
tun,tun
",",--
werden,werden
wir,wir
unsere,unser
Unterstüßung,Unterstüßung
in,in
jeder,jeder
möglichen,möglich
eise,Eise
zu,zu
Hhrer,Hhrer
Verfügung,Verfügung
stellen,stellen
.,--
Tun,tun
sie,sie
es,es
nicht,nicht
",",--
so,so
müssen,müssen
wir,wir
Geduld,Geduld
und,und
Sympathie,Sympathie
ewahren,ewahren
und,und
die,der
Genesung,Genesung
abwarten,abwarten
",",--
die,der
am,an
Ende,Ende
sicher,sicher
kommen,kommen
wird,werden
",",--
*,*
 , 
Die,der
Agence,Agence
Havas,Havas
meldet,melden
:,--
Clemeneewun,Clemeneewun
in,in
einer,ein
Ansprache,Ansprache
an,an
Zaurnalisten,Zaurnalist
:,--
Deutschland,Deutschland
habe,haben
mit,mit
seiner,sein
Kapitulation,Kapitulation
bis,bis
iur,iur
Erschöpfung,Erschöpfung
gewartet,warten
und,und
sei,sein
jezt,jezt
anßer-,anßer
fande,Fand
",",--
seine,sein
Sebensmittelvorräte,Sebensmittelvorrat
anzyfüllen,anzyfüllen
.,--
Tu,Tu
die,der
Lege,Lege
in,in
Deutschland,Deutschland
und,und
“,--
Oesterreich-Ungaru,Oesterreich-Ungaru
vereitelt,vereiteln
jei,jei
",",--
würden,werden
die,der
Alliierten,alliierter
ihnen,ihnen
bis,bis
Iam,Iam
Acußersten,Acußerst
beistehen,beistehen
",",--
da,da
sie,sie
für,für
und,und
nit,nit
gegen,gegen
die,der
Menschlichkeit,Menschlichkeit
kämpften,kämpfen
.,--
 , 
T,T
 , 
“,--
ichen,ich
Landlages,Landlag
Haben,Haben
",",--
sich,sich
eis,eis
eisaße,eisaß
lothringischer,lothringisch
Nationalrat,Nationalrat
konsii-,konsii-
tuiert,tuieren
und,und
aus,aus
ihrer,ihr
Mitte,Mitte
einen,ein
provisorischen,provisorisch
Verwaltungsausschuß,Verwaltungsausschuß
ernannt,ernennen
",",--
der,der
aus,aus
folgenden,folgend
Mitgliedern,Mitglied
besichtt,besichten
Burger-Streßburg,Burger-Streßburg
",",--
Hastig,Hastig
und,und
Kultus,Kultus
;,--
Heinrich,Heinrich
",",--
Landwirt-,Landwirt
East,East
;,--
Imbs,Imbs
",",--
Soziale,sozial
Fürsorge,Fürsorge
;,--
Jug,Jug
Finanzen,Finanz
:,--
€,€
Yer,Yer
Laurent,Laurent
",",--
Deffentliche,Deffentlich
 , 
|,|
(,--
Amtlich,Amtlich
),--
Bevfin,Bevfin
",",--
13.,13.
November,November
",",--
;D,;D
Oex,Oex
Rat,Rat
der,der
Volkößeauftragten,volkößeauftragter
veröffentlicht,veröffentlichen
folgenden,folgend
Aufrufs,Aufruf
 , 
An,an
das,der
deutsche,deutsch
Bolk,Bolk
!,--
 , 
Die,der
aus,aus
der,der
Revolution,Revolution
hervorgegangene,hervorgegangen
Regierung,Regierung
",",--
deren,der
politische,politisch
Leitung,Leitung
rein,rein
sozialistisch,sozialistisch
ift,ifen
",",--
feht,fehen
fich,fich
die,der
Aufgabe,Aufgabe
",",--
das,der
sozialifüsche,sozialifüsch
Programm,Programm
zu,zu
verwirklichen-,verwirklichen-
Sie,sie
verkündet,verkünden
schon,schon
jezt,jezt
mit,mit
Geseteskraft,Geseteskraft
folgendes,folgend
:,--
 , 
ungsrecht,Ungsrecht
unterliegt,unterliegen
keiner,kein
Beschränkung,Beschränkung
",",--
Beamte,Beamter
und,und
Staatsarbeiter,Staatsarbeiter
.,--
ing,ing
Zeusur,Zeusur
findet,finden
nicht,nicht
ftatt,ftatt
.,--
Die,der
Theaterzensur,Theaterzensur
wird,werden
aufgehoben,aufheben
.,--
Meinungsäußerung,Meinungsäußerung
in,in
Wort,Wort
und,und
Schrift,Schrift
ist,sein
frei,frei
.,--
Religionsausübung,Religionsausübung
wird,werden
gewüHheleistet,gewüHheleistet
.,--
Niemand,niemand
werden,werden
.,--
 , 
Handlung,Handlung
gezwungen,gezwung
Straftaten,Straftat
wird,werden
Amnestie,Amnestie
gewährt,gewähren
.,--
Die,der
wegen,wegen
anhängigen,anhängig
Perfahren,Perfahre
werden,werden
niedergeschlagen,niederschlagen
.,--
deu,deu
Vaterländischen,Vaterländisch
Hilfsdienst,Hilfsdienst
wird,werden
aufgehoben,aufheben
",",--
mit,mit
ch,ch
auf,auf
die,der
Schlictung,Schlictung
vou,vou
Streitigkeiten,Streitigkeit
bezieheuden,bezieheuden
außer,außer
Kraft,Kraft
geseht,gesehen
",",--
edenss,edenss
die,der
Auto,Auto
 , 
gesehe,gesehen
gegen,gegen
die,der
Landarbeiter,Landarbeiter
.,--
aufgehobenen,aufgehoben
Ardeitex-Schutzbestimmuno,Ardeitex-Schutzbestimmuno
 , 
Begiun,Begiun
des,der
Krieges,Krieg
 , 
gen,gen
werden,werden
hiermit,hiermit
wieder,wieder
iu,iu
Kraft,Kraft
gesetzt,setzen
.,--
Berorduungen,Berorduungen
 , 
Weitere,weit
sozialpolitische,sozialpolitisch
licht,Licht
werden,werden
.,--
Spätesteus,Spätesteus
 , 
werden,werden
binnen,binnen
kurzem,kurz
veröffent-,veröffent
 , 
am,an
1.,1.
Januar,Januar
1919,1919
wird,werden
der,der
achtstündige,achtstündig
Maximale,Maximale
 , 
arbeitstag,Arbeitstag
in,in
Kraft,Kraft
treten,treten
.,--
Die,der
Regierung,Regierung
wird,werden
alles,alle
tun,tun
",",--
um,um
für,für
aus-,aus
veichen,veich
8,8
Arbeitsgelegeuheit,Arbeitsgelegeuheit
zu,zu
sorgen,sorgen
.,--
Cine,cin
Verordnung,Verordnung
über,über
die,der
Unter,unter
»,--
ift,ift
fertiggeftellt,fertigftellen
.,--
Sie,sie
vertoilt,vertoilen
die,der
Lasten,Last
auf,auf
Reich,Reich
 , 
ftüzung,Ftüzung
vou,vou
Erwerbslofen,Erwerbslofen
Staat,Staat
und,und
Gemeinde,Gemeinde
.,--
 , 
Auf,auf
dem,der
Gebiete,Gebiet
der,der
Krankenverficherung,Krankenverficherung
wird,werden
die,der
Versicherungtpflicht,Versicherungtpflicht
Über,über
die,der
bisherige,bisherig
Grenzs,Grenzs
von,von
2s00,2s00
Mark,Mark
ausgedehut,ausdehut
werden,werden
.,--
 , 
Die,der
Wohnungsnot,Wohnungsnot
wird,werden
durch,durch
Bereitstellung,Bereitstellung
von,von
Wohnungen,Wohnung
bekämpft,bekämpfen
werden,werden
.,--
 , 
Auf,auf
dis,dis
Sicherung,Sicherung
einer,ein
geregelten,geregelt
Volksernährung,Volksernährung
wird,werden
hingearbeitet,hinarbeiten
werden,werden
.,--
 , 
Die-,Die-
Regierung,Regierung
wird,werden
die,der
geordnete,geordnet
Produktion,Produktion
aufrechterhalten,aufrechterhalten
",",--
das,der
Eigentum,Eigentum
gegen,gegen
Eingriffe,Eingriff
Privater,Privater
sowie,sowie
die,der
Freiheit,Freiheit
und,und
Sicherheit,Sicherheit
der,der
Peron,Peron
schüßen,schüßen
.,--
 , 
Alle,aller
Wahlen,Wahl
zu,zu
öffentlichen,öffentlich
Körperschaften,Körperschaft
sind,sein
fortan,fortan
nach,nach
dem,der
gleichen,gleich
",",--
geheimen,geheim
",",--
direkten,direkt
",",--
allgemeinen,allgemein
Wahlrcccht,Wahlrcccht
auf,auf
Grund,Grund
des,der
proportionalen,proportional
Wahlsystems,Wahlsystem
für,für
alle,aller
mindesteus,Mindesteus
20,20
Jahre,Jahr
alten,alt
männlichen,männlich
und,und
weibkichen,weibkich
Pexfonen,Pexfon
zu,zu
vollziehen,vollziehen
.,--
 , 
Auch,auch
für,für
die,der
kouftituierende,kouftituierend
Versammlung,Versammlung
",",--
iber,Iber
die,der
nähere,nah
Bestimmung,Bestimmung
noch,noch
erfolgen,erfolgen
wird,werden
",",--
gilt,gelten
dieses,dieser
Wahlrecht,Wahlrecht
",",--
 , 
Berlin,Berlin
",",--
den,der
12.,12.
November,November
1918.,1918.
 , 
Edert,Edert
",",--
Haase,Haase
.,--
Scheidemann,Scheidemann
.,--
Landsberg,Landsberg
.,--
Dittmann,dittmann
.,--
Vartyh,Vartyh
.,--
 , 
17,17
],]
 , 
Inneres,Innere
und,und
Unterricht,Unterricht
;,--
Peirotes,Peirotes
",",--
oßns,oßns
Portefeuille,Portefeuille
;,--
Dr.,Dr.
Riklin,Riklin
",",--
Präsident,Präsident
des,der
Na,Na
«,--
tionalrates,tionalrates
ohne,ohne
Portefeuille,Portefeuille
",",--
 , 
Die,der
neue,neu
Kameradschaft,Kameradschaft
.,--
 , 
Die,der
neus,neus
Bolksregierung,Bolksregierung
hat,haben
an,an
die,der
Oberste,oberer
Seeresleitung,Seeresleitung
folgende,folgend
Kundgebung,Kundgebung
gesandt,gesandt
:,--
Die,der
Volksregierung,Volksregierung
ist,sein
von,von
dem,der
Wunsc,Wunsc
<,<
de'eelt,de'eelt
",",--
daß,daß
jeder,jeder
unserer,unser
Soldaten,Soldat
nach,nach
den,der
unsäglichen,unsäglich
Leiden,leiden
und,und
den,der
unerhörten,unerhört
Entbehrungen,Entbehrung
in,in
fürzester,fürzest
Zeit,Zeit
nach,nach
der,der
Heimat,Heimat
zurücfehrt,zurücfehrt
.,--
Dieses,dieser
Ziel,Ziel
ist,sein
aber,aber
nur,nur
zu,zu
erreihen,erreihen
",",--
wenn,wenn
die,der
Dewöbtliterung,Dewöbtliterung
noc,noc
einem,ein
geordneten,geordnet
Plane,Plan
vor,vor
sich,sich
a,a
:,--
 , 
Die,der
Volksregierung,Volksregierung
erwarket,Erwarket
von,von
Euch,euch
strengsts,strengst
Selbstzucht,Selbstzucht
",",--
um,um
unermeßlichen,unermeßlich
G&oden,G&oden
zu,zu
verhüten,verhüten
.,--
Wir,wir
ersuchen,ersuchen
die,der
Oberste,oberer
Heeres,Heer
»,--
leitung,Leitung
",",--
das,der
Feldheer,Feldheer
von,von
vorstehender,vorstehend
Erklärung,Erklärung
der,der
Volkeregierung,Volkeregierung
in,in
Kenntnis,Kenntnis
zu,zu
sehen,sehen
und,und
folgendes,folgend
anzuordnen,anzuordnen
:,--
 , 
1.,1.
Das,der
Verhältnis,Verhältnis
zwischen,zwischen
Offizier,Offizier
und,und
Manu,Manu
 , 
itigem,itig
.,--
Vertrauen,vertrauen
aufzubauen,aufbauen
",",--
 , 
beiten,beien
und,und
Berfehroweien,Berfehroweien
;,--
Dr.,Dr.
Pfleger,Pfleger
",",--
|,|
hat,haben
fich,fich
auf,auf
gegensei,gegensei
 , 
Willige,willig
Unterordnung,Unterordnung
des,der
Mannes,Mann
unter,unter
den,der
Offizier,Offizier
und,und
kameradscafiliche,kameradscafilich
Behandlung,Behandlung
des,der
Mannes,Mann
durch,durch
den,der
Vorgysekten,Vorgysekten
sind,sein
kierzu,kierzu
Vor-,Vor-
bedingung,Bedingung
",",--
2.,2.
Das,der
Vorgeseßtenverhältuls,Vorgeseßtenverhältuls
des,der
Off,Off
!,--
ziers,zier
Keile,Keile
HER,HER
",",--
Unbediugter,Unbediugter
Gehorjam,Gehorjam
im,in
Dienst,Dienst
von,von
entscheidender,entscheidend
Bedeutung,Bedeutung
Iingen,Iing
der,der
ZurüFsührung,ZurüFsührung
in,in
die,der
deutsche,deutsch
Heimat,Heimat
.,--
Militärksche,militärksch
 , 
müssen,müssen
desholb,desholb
uuter,uut
 , 
erhalien,erhalien
werden,werden
.,--
az,az
3.,3.
Die,der
Soldatenräte,Soldatenrät
 , 
erhaltung,Erhaltung
des,der
Bertrauens,Bertrauen
zwischen,zwischen
und,und
Mann,Mann
beratende,beratend
Stimme,Stimme
in,in
F,F
;,--
:,--
 , 
adern,adern
di,di
08,08
FRU,FRU
 , 
Die,der
Regierung,Regierung
für,für
die,der
Konstitnanke,Konstitnanke
.,--
 , 
Berlin,Berlin
",",--
12.,12.
November,November
.,--
 , 
Die,der
Neichöregierung,Neichöregierung
ist,sein
in,in
volles,voll
Uebereinstimmung,Uebereinstimmung
mit,mit
dem,der
Vollzugs-,Vollzug
ausschiß,ausschiß
des,der
Arbeiter-,Arbeiter
und,und
Soldatens,Soldaten
rates,rat
eutschlofsen,eutschlofsen
",",--
sofort,sofort
nach,nach
Regelung,Regelung
der,der
wichtigsten,wichtig
Tagesfragen,Tagesfrag
die,der
Wahle,Wahle
zur,zu
Nationalversammlung,Nationalversammlung
durchzue,durchzue
führen,führen
Auth-die,Auth-die
in,in
der,der
Regierung,Regierung
bes,b
findlichen,findlich
Mitglieder,Mitglied
der,der
Unabhängigen,Unabhängigen
Sozialdempkratischen,sozialdempkratisch
Partei,Partei
widersetzen,widersetzen
fich,fich
keineswegs,keineswegs
diefer,dief
Maßnahme,Maßnahme
",",--
...,--
;,--
 , 
Die,der
Hationalversammlung,Hationalversammlung
.,--
Ein,ein
Keufwann,Keufwann
uid,uid
fein,fein
Lehrling,Lehrling
 , 
Jatten,Jatt
miteinonder,miteinonder
folgendes,folgend
Gespräch,Gespräch
:,--
„,--
Haft,Haft
Du,du
den,der
Gips,Gips
ynter,ynter
das,der
Mehl,Mehl
gs,gs
 , 
wischt,wischen
?,--
“,--
4,4
„,--
Jo,Jo
",",--
Herx,Herx
Prinzipal,Prinzipal
.,--
“,--
5.,5.
„,--
Hast,Hast
Du,du
Wosser,Wosser
in,in
die,der
Butfer,Butfer
hineinge-,hineinge
 , 
Zuotet,Zuoten
?,--
*,*
|,|
 , 
„,--
In,in
",",--
Herr,Herr
Pringipal,Pringipal
.,--
*,*
E,E
1,1
 , 
„,--
Hast,Hast
Du,du
die,der
gemahlene,gemahlen
Boumrinde,Boumrinde
in,in
ders,Der
Pfeffer,Pfeffer
getan,tun
?,--
*,*
:,--
2,2
 , 
„,--
Ia,Ia
",",--
Herx,Herx
Prinzipal,Prinzipal
.,--
*,*
7,7
 , 
„,--
Nun,nun
",",--
mein,mein
Sohn,Sohn
",",--
dann,dann
lofse,lofse
uns,uns
zum,zu
Mor,Mor
«,--
gengottesdienst,Gengottesdienst
gehen,gehen
.,--
*,*
 , 
An,an
dieses,dieser
erbauliche,erbaulich
Gespräß,Gespräß
mußten,müssen
wit,wit
denken,denken
angesichts,angesichts
der,der
Nachricht,Nachricht
",",--
daß,daß
Herr,Herr
Lloyd,Lloyd
George,George
",",--
nachdem,nachdem
ex,ex
im,in
Unterhause,Unterhause
unter,unter
tofeno,Tofeno
dem,der
Veifall,Veifall
bie,bien
Waffenstillstandsbedingunger,Waffenstillstandsbedingunger
vorlesen,vorlesen
hatte,haben
",",--
die,der
ehrenwerten,ehrenwert
Mitglieder,Mitglied
dea,dea
Parlaments,Parlament
aufforderte,auffordern
",",--
in,in
die,der
Kirchs,Kirch
zu,zu
gehen,gehen
um,um
Gott,Gott
den,der
Herrn,Herr
zu,zu
danken,danken
.,--
 , 
Was,was
diese,dieser
Waffenstillstandsbedingungen,Waffenstillstandsbedingunge
für,für
uns,uns
bedeuten,bedeuten
",",--
das,der
wußten,wissen
Herr,Herr
Lloyd,Lloyd
Geores,Geores
und,und
seine,sein
Freunde,Freund
auch,auch
bevor,bevor
cs,cs
ihnen,ihnen
unfan,unfan
Antwärtines,Antwärtin
Amt,Amt
",",--
die,der
Regierung,Regierung
der,der
bays4,bays4
rischen,risch
Volksrepublik,Volksrepublik
und,und
die,der
sozialdemokratischs,Sozialdemokratisch
Partelleitung,Partelleitung
gesagt,sagen
halten,halten
:,--
nämlich,nämlich
die,der
Aus-,Aus
Beserung,Beserung
von,von
mehr,mehr
als,als
70,70
Millionen,Million
euro,Euro
»,--
päischer,päisch
Menschen,Mensch
an,an
dea,dea
Hunger,Hunger
",",--
an,an
namen,Name
»,--
loses,los
Elend,Elend
",",--
an,an
dan,dan
Wahnsinn,Wahnsinn
",",--
Er,er
aber,aber
gir,Gir
),--
hin,hin
und,und
forderte,fordern
auf,auf
",",--
Gott,Gott
den,der
Heren,Her
zu,zu
lo,lo
!,--
preisen,preisen
!,--
 , 
Und,und
was,was
der,der
Friede,Friede
zu,zu
bedeuien,Bedeuien
hals,Hals
:,--
wiirde,wiirde
",",--
den,der
die,der
Entente,Entent
",",--
nach,nach
ihren,ihr
Wassennib2,Wassennib2
standsbedingungen,standsbedingungen
zu,zu
schließen,schließen
",",--
uns,uns
aufguzwin-,aufguzwin-
gen,gen
beabsichtigt,beabsichtigen
",",--
auc,auc
das,der
wissen,wiss
Herr,Herr
Lloys,Lloys
!,--
George,George
und,und
seine,sein
Freunde,Freund
genau,genau
:,--
es,es
würde,werden
=,=
=,=
und,und
das,der
ift,ifen
das,der
Diefschmerzliche,Diefschmerzliche
für,für
jedes,jeder
„,--
wahren,wahr
Friedensfteund,Friedensfteund
=,=
michßt,Michßt
die,der
Völker-,Völker
versöhnung,Versöhnung
und,und
die,der
Sicherung,Sicherung
für,für
die,der
Daumi,Daumi
des,der
Friedens,Frieden
bedeuten,bedeuten
",",--
sondern,sondern
den,der
Völkerhafß,Völkerhafß
und,und
die,der
Dauer,Dauer
der,der
Kriegsgesahr,Kriegsgesahr
.,--
 , 
Vem,Vem
Wahnsinn,Wahnsinn
sind,sein
die,der
Waffenstillstand,Waffenstillstand
»,--
bedingungen,Bedingung
diktiert,diktieren
",",--
vom,von
Wahnsinn,Wahnsinn
wäre,sein
der,der
Friede,Friede
diktiert,diktieren
",",--
der,der
diesen,dieser
Woffenstillstands,Woffenstillstand
«,--
bedingungen,Bedingung
entspräche,entspräch
",",--
und,und
der,der
Wahnsinn,Wahnsinn
kann,können
 , 
WVohasina,WVohasina
 , 
heben,heben
fich,fich
die,der
Ententemächte,Ententemächt
zu,zu
eimer,eim
wesent,Wesent
»,--
lion,lion
Abmilderung,Abmilderung
der,der
Waffenstill,Waffenstill
/,--
tandsbeding,Tandsbeding
gungen,Gung
herbeilassen,Herbeilassen
müssen,müssen
",",--
sie,sie
haben,haben
fich,fich
dazu,dazu
verfichen,verfichen
müssen,müssen
die,der
Hunge,Hung
:,--
blo,blo
>,>
kade,Kade
im,in
wesente,wesente
lichen,Lichen
zu,zu
beseitigen,beseitigen
",",--
und,und
Präsident,Präsident
Wilson,Wilson
haß,haß
exf'ärt,exf'ärt
",",--
daß,daß
es,es
Ameri,Ameri
!,--
a,a
als,als
seim,seim
Pflicht,Pflicht
ly,ly
 , 
4,4
 , 
20,20
NHEEG,NHEEG
WEHRLE,WEHRLE
DEG,DEG
"""",--
VIGRDERERIURONND,VIGRDERERIURONND
+5,+5
DI,DI
:,--
 , 
1,1
r,r
 , 
D,D
 , 
3187,3187
"""",--
DS,DS
 , 
jz,jz
],]
 , 
;,--
wu,wu
[,[
4,4
107,107
|,|
fir,fir
iE,iE
IH,IH
 , 
444,444
 , 
+,+
!,--
8,8
7,7
3,3
3,3
ij,ij
 , 
je,je
v,v
4,4
ze,ze
EEE,EEE
 , 
14,14
|,|
|,|
 , 
FE,FE
E3,E3
2407,2407
HEU,HEU
iz,iz
au,au
3,3
1,1
:,--
Eabdargg,Eabdargg
UIRUND,UIRUND
frz,frz
[,[
44,44
är,är
825,825
 , 
EIT,EIT
IESE,IESE
ON,ON
 , 
LEER,LEER
 , 
Friede,Frieden
fir,fir
uns,uns
jo,jo
günstig,günstig
werden,werden
",",--
wie,wie
er,er
uach,uach
Loos,Loos
der,der
Dinge,Ding
werden,werden
kann,können
.,--
Der,der
Leutnant,Leutnant
Colin,Colin
Roß,Roß
warnte,warnen
aufs,auf
eindriaglichste,eindriaglichster
vor,vor
den,der
Folgen,Folge
ver,v
Zwietracht,Zwietracht
unter,unter
den,der
Soldaten,Soldat
and,And
zeigte,zeigen
",",--
was,was
geschehen,geschehen
müsse,müssen
",",--
wenn,wenn
sie,sie
fich,fich
gegeneinar.der,gegeneinar.d
hegen,hegen
ließen,lassen
;,--
 , 
v.,v.
Beexfeide,Beexfeide
mahnte,mahnen
",",--
daß,daß
wir,wir
einig,einig
sein,sein
müßten,müssen
",",--
weil,weil
es,es
auf,auf
allen,aller
Ceiten,Ceit
5renae,5renae
",",--
un9,un9
erflärte,erflären
",",--
daß,daß
nur,nur
eine,ein
starke,stark
Vollzugsgewalt,Vollzugsgewalt
ans,an
aus,aus
dez,dez
Elend,Elend
herausführen,herausführ
fönne,Fönne
",",--
das,der
uns,uns
Bedrohe,Bedrohe
",",--
Was,was
diese,dieser
Zerren,Zerr
sozten,sozn
",",--
das,der
kan,kan
»,--
unsezea,unsezea
Lesen,Lesen
nicht,nicht
fremd,fremd
sein,sein
",",--
dean,dean
wir,wir
Zaben,Zaben
es,es
widder,widd
und,und
immer,immer
wieder,wieder
gesagt,sagen
in,in
z1eser,z1eser
dunkeln,dunkeln
Tagen,Tag
.,--
Wix,wix
siad,Siad
övreit,övreitn
",",--
in,in
diesem,dieser
Sinne,Sinn
die,der
Bollzugsgewalt,Bollzugsgewalt
zu,zu
unterftüßen,unterftüßen
.,--
Eine,ein
R'e-,R'e-
seuarbeit,Seuarbeit
gilt,gelten
es,es
zu,zu
leisten,leisten
",",--
vor,vor
allem,alle
die,der
Arbeit,Arbeit
für,für
die,der
Aufnahme,Aufnahme
dec,dec
Brüder,Bruder
von,von
der,der
Front,Front
in,in
der,der
Heimat,Heimat
.,--
Wehe,wehe
uns,uns
",",--
wean,wean
sie,sie
ei,ei
;,--
 , 
Einig,einig
müssen,müssen
!,--
wir,wir
seit,seit
ux,ux
Leistung,Leistung
dieser,dieser
Arbeit,Arbeit
.,--
Einig,einig
aber,aber
auch,auch
in,in
der,der
Ausgeftaltung,Ausgeftaltung
des,der
politischen,politisch
Lebens,Leben
iz,iz
Reich,Reich
.,--
Wir,wir
wollen,wollen
 , 
nicht,nicht
",",--
daß,daß
die,der
undemokratische,undemokratisch
Minderheits-,Minderheit
p,p
von,von
rechts,rechts
",",--
unter,unter
der,der
wir,wir
bisher,bisher
litten,leiden
",",--
durch,durch
eine,ein
ebenfs,ebenfs
andemofratische,andemofratisch
Minder-,Minder
ierung,Ierung
von,von
links,links
erseßt,erseßen
werde,werden
",",--
Oikta-,Oikta
 , 
rische,risch
Gewalt,Gewalt
zu,zu
Ausrechterhaltung,Ausrechterhaltung
der,der
Ruhe,Ruhe
und,und
der,der
3Iffentlicen,3Iffentlic
Eicherheit,Eicherheit
ist,sein
notwendig,notwendig
amd,amd
niemand,niemand
wird,werden
iH,iH
über,über
sie,sie
beklagen,beklagen
.,--
Ein-,Ein-
aber,aber
in,in
das,der
Gebiet,Gebiet
",",--
das,der
der,der
Gesehgebung,Gesehgebung
ten,ten
ist,sein
",",--
solten,solen
demokratische,demokratisch
Gewalten,Gewalt
um,um
des,der
demokratischen,demokratisch
Priazips,Priazip
willen,willen
ver-,ver
nm,nm
.,--
Wiz,Wiz
wollen,wollen
die,der
Damoiratie,Damoiratie
",",--
für,für
die,der
wir,wir
ge,ge
»,--
Fämpit,Fämpit
",",--
geblutet,bluten
und,und
gelittea,gelittea
haben,haben
.,--
Wir,wir
wollen,wollen
",",--
daß,daß
das,der
deutsche,deutsch
Bol,Bol
?,--
seine,sein
Stimme,Stimme
erhebe,erheben
und,und
rel,rel
über,über
fein,fein
Schiesal,Schiesal
beschließe,beschließen
.,--
Wix,wix
wollen,wollen
die,der
Nationolversammlung,Nationolversammlung
und,und
wir,wir
wollen,wollen
sie,sie
bald,bald
",",--
fs,fs
bald,bald
als,als
möglich,möglich
.,--
eds,EDS
von,von
Uns,Uns
tve,tve
seine,sein
Pflicht,Pflicht
an,an
seinem,sein
Plat,Plat
",",--
und,und
damit,damit
fuld,Fuld
felier,feli
Grund,Grund
unter,unter
unseren,unser
Füßen,Fuß
geschaffen,schaffen
 , 
marde,Marde
",",--
arbeite,arbeiten
und,und
wire,wiren
es,es
für,für
die,der
Natiowalversammlung,Natiowalversammlung
?,--
R,R
",",--
G,G
 , 
Im,in
Exil,Exil
.,--
 , 
Wilhelm,Wilhelm
11.,11.
in,in
Holland,Holland
",",--
 , 
Saltg,Saltg
:,--
",",--
ualtres,ualtr
Rorrelpondenten,Rorrelpondente
",",--
wr,wr
Notterdam,Notterdam
",",--
12,12
",",--
November,November
.,--
 , 
Gestern,gestern
nachmitteg,nachmitteg
ist,sein
der,der
Keiser,Keiser
auf,auf
der,der
Etatian,Etatian
Maar,Maar
n,n
angekommen,ankommen
",",--
ws,ws
er,er
von,von
einer,ein
größen,größ
Meiige,Meiig
und,und
ungefähr,ungefähr
36,36
Journalisten,Journalist
umd,umd
Photogrophen,Photogrophe
erwartet,erwarten
wurde,werden
",",--
Der,der
Kaifer,Kaifer
",",--
der,der
sich,sich
sehr,sehr
gerade,gerade
hielt,halten
",",--
trug,tragen
Generalsuniform,Generalsuniform
",",--
Ex,Ex
grüßte,grüßen
nach,nach
allen,aller
Geiten,Geit
",",--
und,und
als,als
er,er
von,von
der,der
Statien,Statium
fortjuhr,Fortjuhr
",",--
wurde,werden
fogar,fogar
ein,ein
leiscs,leiscs
Hurra,Hurra
in,in
dex,dex
Menge,Menge
hörbar,hörbar
.,--
Den,der
Journalisten,Journalist
Härte,Härte
der,der
Sohn,Sohn
des,der
Grafea,Grafea
Bentiak,Bentiak
",",--
[:,[:
Vater,Vater
hätse,Hätse
dem,der
Faiser,Faiser
auf,auf
Ersuchen,ersuchen
der,der
hol,Hol
dischen,disch
Regierung,Regierung
Gastfreundschaft,Gastfreundschaft
angeöoten,angeöoten
.,--
Die,der
Regierung,Regierung
hätte,haben
den,der
Grafen,grafer
Bentin,Bentin
?,--
im,in
Name,Name
»,--
der,der
Königin,Königin
bitten,bitten
lassen,lassen
",",--
de,de
:,--
Faiser,Faiser
vorläufig,vorläufig
auf,auf
feinem,fein
Echloß,Echloß
zu,zu
internieren,internieren
",",--
Im,in
Gefolge,Gefolge
be,be
;,--
sieh,Sieh
m.,M.
.,--
:,--
Graf,Graf
v.,v.
Moitke,Moitke
",",--
Keneraloberst,Keneraloberst
v,v
",",--
Frankenderg,Frankenderg
",",--
Freiherr,Freiherr
3,3
Stumm,Stumm
und,und
Generaloberst,Generaloberst
v.,v.
Hirsch-,Hirsch
feldt,Feldt
",",--
Seit,seit
zwei,zwei
Wochen,Woche
verbrachie,verbrachie
der,der
Raiser,Raiser
in,in
Beigien,Beigie
die,der
Nächte,Nacht
im,in
Zuge,Zug
",",--
ws,ws
er,er
sich,sich
auch,auch
in,in
der,der
Nacht,Nacht
vom,von
Svnntos,Svnntos
auf,auf
Montag,Montag
be,be
»,--
fund,fund
.,--
Das,der
Diaz,Diaz
melde,melden
!,--
no,no
daß,daß
der,der
Keiser,Keiser
sick,sick
 , 
den,der
üblichen,üblich
Iniernierungsbedingewgen,Iniernierungsbedingewg
in,in
 , 
erongen,erong
aufhält,aufhalten
",",--
 , 
Der,der
Kronprinz,Kronprinz
dei,dei
der,der
Armee,Armee
",",--
 , 
Meidung,Meidung
d:9,d:9
BQB,BQB
.,--
Die,der
Meldung,Meldung
",",--
doß,doß
de,de
 , 
nz,nz
Scfindet,Scfindet
fich,fich
904,904
des,der
S2024,S2024
 , 
Was,was
die,der
Räumung,Räumung
der,der
Ostgebiete,Ostgebiete
audelongt,audelongen
",",--
jo,jo
müssen,müssen
Oesterreich,Oesterreich
",",--
Rumäuien,Rumäuien
und,und
die,der
Tärkei,Tärkei
sofort,sofort
geräumt,räumen
werden,werden
",",--
die,der
vor,vor
dem,der
Kriege,Krieg
zu,zu
Rußland,Rußland
gehörenden,gehörend
Gebiete,Gebiet
",",--
fobald,fobald
die,der
Alliter-,Alliter
 , 
Nach,nach
Artikel,Artikel
14,14
müssen,müssen
alle,aller
Requisitionen,Requisition
",",--
Be-,Be
Ichlagnahmungen,Ichlagnahmung
oder,oder
Zworgsmaßnahmen,Zworgsmaßnahma
der,der
deutschen,deutsch
Tenppen,Tenppe
",",--
die,der
dazu,dazu
bestimmt,bestimmen
wären,sein
",",--
sich,sich
Silfsmittel,Silfsmittel
jär,jär
Deutschland,Deutschland
in,in
Rumänieu,Rumänieu
oder,oder
Rutland,Rutland
zu,zu
beschaffen,beschaffen
",",--
sofort,sofort
aufhören,aufhören
",",--
Der,der
Zu-,Zu
8024,8024
der,der
Alliierten,alliierter
zu,zu
den,der
geräumten,geräumt
Gebieten,Gebiet
an,an
ver,v
Ostgrenze,Ostgrenze
",",--
jet,jet
es,es
über,über
Dauzig,Dauzig
",",--
sei,sein
es,es
über,über
 , 
internationalen,international
Wosieastilsiandsfomwission,Wosieastilsiandsfomwission
au-,au
genommen,nehmen
",",--
 , 
Für,für
eluen,elu
schnellen,schnell
Borfrieden,Borfried
.,--
 , 
Eine,ein
ueue,ueu
Note,Note
an,an
Lansing,Lansing
.,--
 , 
er,er
Scweizerischea,Scweizerischea
Regierung,Regierung
an,an
die,der
Regierung,Regierung
der,der
Vereinioiox,Vereinioiox
Staaten,Staat
von,von
Amerika,Amerika
folgendg,folgendg
Note,Note
gerichiet,gerichiet
:,--
 , 
Nachdem,nachdem
nuumchr,Nuumchr
der,der
Boffeustillsiand,Boffeustillsiand
gw,gw
Flossen,Flosse
Ist,sein
",",--
bittet,bitten
die,der
Deutscha,Deutscha
Reglerung,Reglerung
den,der
Präfidenten,Präfident
de,de
:,--
Vereinigten,vereinigt
Staaten,Staat
",",--
den,der
Begina,Begina
der,der
Friedensoerhaudlungen,Friedensoerhaudlung
ia,ia
die,der
Wege,Weg
leiten,leiten
zu,zu
wollen,wollen
",",--
Der,der
Beschleunigung,Beschleunigung
halbex,halbex
schlägt,schlagen
fe,fe
707,707
",",--
zunächst,zunächst
den,der
Avjchluß,Avjchluß
eines,ein
Prätiminar-,Prätiminar
friedens,Frieden
ins,in
Uuge,Uuge
zu,zu
fasjen,fasjen
zud,zud
ihr,ihr
mitzutellen,mitzutellen
",",--
an,an
welchem,welcher
Orte,Ort
unz,unz
zu,zu
welchem,welcher
Zeitpunkte,Zeitpunkt
die,der
Verhandlungen,Verhandlung
b-7i':nea,b-7i':nea
können,können
.,--
 , 
Wegea,Wegea
dreheud,dreheud
:,--
?,--
Lebensmittelnot,Lebensmittelnot
legt,legen
die,der
 , 
ge3.,ge3.
Self,Self
",",--
Staa,Staa
(,--
s!-kreiär,s!-kreiär
des,der
Answärtigen,Answärtig
Arzirz,Arzirz
.,--
 , 
Frenbenlandgebungen,Frenbenlandgebung
',--
in,in
Amerika,Amerika
.,--
 , 
Reuterberiäie,Reuterberiäie
",",--
New,New
Bort,Bort
",",--
11.,11.
 , 
2a,2a
 , 
Über,über
den,der
Wasfrofusiliand,Wasfrofusiliand
",",--
ix,ix
dez,dez
es,es
fog,fog
:,--
Alles,alle
",",--
 , 
Scheidemenn,Scheidemenn
gegen,gegen
L,L
!,--
oyd,oyd
George,George
.,--
Deutsche,deutsch
Freiheit,Freiheit
und,und
euglischer,euglisch
Impertasitmus,Impertasitmus
",",--
 , 
Zu,zu
der,der
lezten,lezt
Rede,Rede
Lloyd,Lloyd
Georges,Georges
äußerte,äußern
das,der
Mitglicd,Mitglicd
dex,dex
neuen,neu
deutschen,deutsch
Dollsregierurg,Dollsregierurg
Scheidemann,Scheidemann
:,--
 , 
2Lioyd,2Lioyd
George,George
bout,bout
den,der
Triumph,Triumph
.,--
über,über
dis,dis
unglückliche,unglücklich
Lage,Lage
des,der
deutschen,deutsch
olles,olles
auf,auf
zwei,zwei
Gesichtopunlte,Gesichtopunlt
auf,auf
:,--
Er,er
37,37
-,--
2igt,2igen
die,der
Vernichtung,Vernichtung
des,der
deutschen,deutsch
Volles,Voll
",",--
weil,weil
es,es
au,au
der,der
Kriegs,Krieg
»,--
politik,Politik
einer,ein
alten,alt
einheitli,Einheitli
mit,mit
fchuld,Fchuld
fei,fei
",",--
und,und
er,er
preist,preisen
die,der
Einig,Einig
keit,keitn
des,der
eng,eng
!,--
ischen,isch
Volkes,Volk
und,und
des,der
Reiches,Reich
",",--
das,der
ben,ben
/,--
o,o
einheitlich,Einheitlich
nech,Nech
immer,immer
hinter,hinter
der,der
Zriegspoliti,Zriegspoliti
?,--
seiner,sein
Regierung,Regierung
stehe,stehen
.,--
Von,von
diesen,dieser
Behauptungen,Behauptung
ist,sein
dis,dis
eine,ein
fo,fo
un-,un
wahr,Wahr
wie,wie
die,der
anders,anders
Boyd,Boyd
George,George
weiß,wissen
x,x
wohl,wohl
",",--
daß,daß
weite,weit
Kreise,Kreis
des,der
deutschen,deutsch
Volkes,Volk
und,und
sogar,sogar
ein,ein
großer,groß
Teil,Teil
seiner,sein
alten,alt
Regie,Regie
»,--
rung,Rung
die,der
von,von
der,der
früheren,früh
Obersten,oberer
Heeres,Heer
»,--
leitung,leitung
befolgten,befolgt
Grundsäße,Grundsäß
nicht,nicht
gebilligt,billigen
und,und
dieser,dieser
Misbilligung,Misbilligung
auch,auch
vor,vor
der,der
Welt,Welt
wieder-,wieder-
holt,holen
ungescheut,ungescheut
Ausdruk,Ausdruk
gegeben,geben
 , 
Lloyd,Lloyd
Geopge,Geopge
weiß,wissen
ebenso,ebenso
qui,qui
",",--
daß,daß
die,der
von,von
:,--
ihm,ihm
gepriesene,gepriesen
Einigkeit,Einigkeit
des,der
englischen,englisch
Volkes,Volk
in,in
Wirklickeit,Wirklickeit
nicht,nicht
 , 
besteht,bestehen
",",--
Durch,durch
die,der
englischen,englisch
Bölker,Bölker
und,und
die,der
englischen,englisch
Heere,He
und,und
Flotten,Flott
geht,gehen
derselbe,derselbe
schharfs,schharfs
Gegensag,Gegensag
zwischen,zwischen
im,in
Dienste,Dienst
der,der
kapita-,kapita
 , 
und,und
den,der
Massen,Masse
",",--
die,der
es,es
mitde,mitde
find,Find
",",--
fic,Fic
von,von
dieser,dieser
Leitung,Leitung
den,der
fürchterlichen,fürchterlich
Kampf,Kampf
gegen,gegen
Bruder-,Bruder
völker,völker
weiter,weiter
aufzwingen,aufzwingen
zu,zu
losen,losen
",",--
zumal,zumal
dort,dort
diz,diz
Erinnerung,Erinnerung
an,an
eines,ein
Zustand,Zustand
no,no
<,<
frisch,frisch
ist,sein
",",--
Iten,Iten
Freiheiten,Freiheit
des,der
Bürgers,Bürger
noch,noch
nicht,nicht
',--
ührung,Ührung
eines,ein
kontinentalen,kontinental
Mili,Mili
!,--
mus,mus
zum,zu
Opfer,Opfer
gefallen,fallen
waxen,waxen
.,--
Lloyd,Lloyd
George,George
ist,sein
so,so
unvorsichtig,unvorsichtig
",",--
die,der
Massen,Masse
feines,fein
Volkes,Volk
durch,durch
sein,sein
Triumphgeschrei,Triumphgeschrei
jelbst,jelbst
auf,auf
den,der
Grund,Grund
seiner,sein
impexialistischen,impexialistisch
Politik,Politik
Blidia,Blidia
zu,zu
lassen,lassen
",",--
Cz,Cz
vperfündef,vperfündef
offen,offen
",",--
die,der
von,von
Deutschlond,Deutschlond
den,der
Ententeländern,Ententeländer
brü-,brü
derlich,derlich
angebotene,angeboten
Berföhnung,Berföhnung
solange,solange
hin-,hin-e
ausgezögert,ausgezögeren
zu,zu
haben,haben
",",--
damit,damit
in,in
Deutsch-,Deutsch
land,Land
die,der
leßten,leßt
Gtüßen,Gtüße
der,der
Ord-,Ord
 , 
unter,unter
der,der
furchibaren,furchibar
Not,Not
zusammenbrechen,zusammenbrechen
sollten,sollen
Das,der
deutsche,deutsch
Vol,Vol
?,--
ist,sein
in,in
diesen,dieser
großen,groß
Tagen,Tag
dabei,dabei
",",--
2oyd,2oyd
Gropge,Gropge
zu,zu
beweisen,beweisen
",",--
daß,daß
seins,seins
*,*
seibst-,seibst
gegebene,gegeben
Ordnung,Ordnung
dieser,dieser
furchtbaren,furchtbar
Not,Not
voll,voll
standhält,standhalten
.,--
An,an
dem,der
englischen,englisch
Bol,Bol
?,--
und,und
den,der
anderen,anderer
Völkern,Volk
der,der
Entente,Entente
wird,werden
es,es
fein,fein
",",--
die,der
Stunde,Stunde
der,der
Weltbesreiuna,Weltbesreiuna
zu,zu
der,der
un-,un
zweideutigen,zweideutig
Absage,Absage
an,an
de2,de2
Impexsalismus,Impexsalismus
ihrer,ihr
Regierung,Regierung
zu,zu
benußen,benußen
.,--
€,€
 , 
m,m
 , 
Die,der
neuen,neu
Reichsämfer,Reichsämfer
",",--
 , 
Verteilung,Verteilung
der,der
Dienstgeschäfte,Dienstgeschäft
.,--
Bexlin,Bexlin
",",--
12.,12.
Novenver,Novenver
.,--
 , 
und,und
Noch,Noch
vatay,vatay
und,und
Barth,Barth
",",--
GozialpolitZ,GozialpolitZ
",",--
 , 
Weitere,weit
Thronverzichte,Thronverzicht
.,--
 , 
WEBIS,WEBIS
ur,ur
MERE,MERE
<,<
u,u
HI,HI
Dole,Dole
 , 
Vebex,Vebex
dir,dir
Vorefinge,Vorefinge
ix,ix
Meiningen,Meiningen
gfibt,gfeben
das,der
Serzoglihe,Serzoglihe
Diinisterium,Diinisterium
folgenden,folgend
Bericht,Bericht
aus,aus
:,--
Am,an
Sonntag,Sonntag
drangen,dringen
etwa,etwa
40,40
Eoldaten,Eoldat
in,in
das,der
Großherzoalice,Großherzoalice
Palais,Palais
em,em
und,und
forder,ford
»,--
ten,ten
den,der
Herzog,Herzog
auf,auf
",",--
dem,der
Throa,Throa
zu,zu
entsogen,entsogen
.,--
feu,feu
erflärte,erflären
",",--
daß,daß
er,er
de,--
?,--
Gewalt,Gewalt
weiche,weichen
",",--
 , 
unierschrieb,unierschreiben
ein,ein
tym,tym
voraelcates,voraelcates
.,--
dem,der
ex,ex
hinpufügte,hinpufügen
:,--
„,--
Eoit,Eoit
segne,segne
das,der
Land,Land
Mei-,Mei
ningen,ningen
!,--
*,*
Die,der
So,So
!,--
daten,daten
ließen,lassen
fih,Fih
darauf,darauf
den,der
zufällig,zufällig
hier,hier
anwesenden,anwesend
Prinzen,Prinz
Craft,Craft
rusen,rusen
und,und
verlangten,verlangen
auch,auch
von,von
ihm,ihm
",",--
eine,ein
Ihronentsagog,Ihronentsagog
2,2
anterschreiben,anterschreiben
.,--
Dieser,dieser
weigerte,weigern
sich,sich
.,--
Die,der
Soi-,Soi
deten,deen
brobsichtigien,brobsichtigien
",",--
den,der
Prüzzen,Pruzz
zu,zu
verheften,verheften
",",--
doch,doch
gelang,gelingen
es,es
de,de
:,--
n,n
Zureden,zureden
eines,ein
Filgelodtu-,Filgelodtu
tanien,tanien
",",--
sit,sit
von,von
vem,v
Vorhaben,Vorhaben
abzubringen,abbringen
.,--
 , 
Wie,wie
der,der
Anhalter,Anhalter
Courier,Courier
meldet,melden
",",--
hat,haben
der,der
Prinzregent,Prinzregent
für,für
den,der
Herzog,Herzog
Ioehim,Ioehim
Ernst,Ernst
von,von
Anhalt,Anhalt
auf,auf
den,der
Thron,Thron
",",--
sowie,sowie
für,für
das,der
Herzogliche,herzoglich
Haus,Haus
auf,auf
das,der
Thzou-,Thzou
Folgereht,Folgereht
verziätet,verziäten
und,und
seinerseits,seinerseits
die,der
Renemt/<haft,Renemt/<haft
des,der
Herzogtums,Herzogtum
niedergelegt,niederlegen
.,--
Leopo,Leopo
!,--
d,d
1V,1V
",",--
zur,zu
2ippe,2ippe
hat,haben
dem,der
Thr,Thr
!,--
Auß,Auß
der,der
Fürst,Fürst
Reuß,Reuß
jüngere,jung
2infs,2infs
",",--
der,der
zugleit,Zugleit
vo,vo
.,--
+,+
a,a
Linie,Linie
13,13
",",--
hat,haben
auf,auf
den,der
 , 
Fetische,fetisch
Grritchtie,Grritchtie
",",--
Wie,wie
aus,aus
Wilhelas,Wilhelas
»,--
Zeaen,Zeaen
gemeldet,melden
wird,werden
",",--
entbehrt,entbehren
das,der
Gerlct,Gerlct
",",--
die,der
englische,englisch
Flotte,Flotte
sei,sein
in,in
Wilhelmoheven,Wilhelmoheve
|,|
eiraelomfen,eiraelomfen
",",--
jedes,jeder
Gruntloge,Gruntloge
",",--
Die,der
Forts,Fort
icin,icin
|,|
HSuBöraih,HSuBöraih
 , 
Ausrufung,Ausrufung
der,der
Fepnyy,Fepnyy
Deuti<-Hesterre,Deuti<-Hesterre
>,>
<,<
.,--
 , 
Teleg,teleg
:,--
.,--
unseres,unser
Korrespondenten,Korrespondent
",",--
Erfreu,Erfreu
 , 
Wien,Wien
",",--
12.,12.
November,November
.,--
-,--
Der,der
 , 
Die,der
Nationalversammlung,Nationalversammlung
hat,haben
in,in
dez,dez
2argfa,2argfa
:,--
heutigen,heutig
Sitzung,Sitzung
den,der
vom,von
Staatera,Staatera
!,--
var,var
 , 
geschlagenen,geschlagen
Gesetzentwurf,Gesetzentwurf
betresieuz,betresieuz
dia,dia
u,u
“,--
.,--
 , 
Proklamierung,Proklamierung
ver,v
den,der
?,--
sch-österreichisren,sch-österreichisren
|,|
;,--
D,D
 , 
gix,gix
bi,bi
Kommunistscher,Kommunistscher
Putsch,Putsch
[,[
ng,ng
im,in
Sarlamert,Sarlamert
",",--
MW,MW
=,=
>,>
.,--
Sprengung,Sprengung
der,der
Nationalver,Nationalver
/am,/am
:,--
daß,daß
ts,ts
durch,durch
roe,roe
Garde,Garde
.,--
|,|
wog,wiegen
Telegr,Telegr
.,--
unseres,unser
Korrespondenten,Korrespondent
IE,IE
Wien,Wien
",",--
12.,12.
Nav,Nav
:,--
mber,Mber
.,--
 , 
Als,als
nah,nah
dem,der
Etaatsalt,Etaatsalt
xot-weiß-1:t,xot-weiß-1:t
Fahnen,Fahne
an,an
den,der
beiden,beide
Niesenmasten,Niesenmast
 , 
vös,vös
",",--
verworren,Verworren
und,und
äußert,äußern
 , 
spannt,spannt
fei,fei
.,--
Die,der
Überwiegende,überwiegend
Masse,Masse
des,der
Do,Do
!,--
»,--
 , 
fes,fes
verlangt,verlangen
stürmi'G,stürmi'G
nach,nach
Srieden,Sriede
.,--
Diese,dieser
an,an
 , 
Wacht,Wacht
(,--
Enel,Enel
zunehmenden,zunehmend
Gruppen,Gruppe
perrigen,perrigen
 , 
mit,mit
größter,groß
Gpannung,Gpannung
die,der
sQueils,sQueils
demo-,demo
 , 
krafische,krafisch
EntwiCdlung,EntwiCdlung
in,in
Deuts<-,Deuts<-
des,der
sie,sie
eine,ein
 , 
Shea,Shea
2,2
derart,derart
daß,daß
heute,heute
schop,Schop
iu,iu
maßgebenden,maßgebenden
zol,zol
»,--
tijden,tijd
Kreisen,Kreis
die,der
Frieders-,Frieder
Frage,Frage
zurüCtritt,zurüCtritt
gegen,gegen
die,der
dex,dex
golitiscen,golitisc
Entwictung,Entwictung
.,--
 , 
*,*
 , 
zur,zu
Aufrebterhaltung,Aufrebterhaltung
der,der
Ruße,Ruße
und,und
Ordnung,Ordnung
wurde,werden
Gonntag,Gonntag
seitens,seitens
vieler,vieler
schweizerischer,schweizerisch
Arbeiterorganisationen,Arbeiterorganisatione
mit,mit
dem,der
Ditener,Ditener
Aktions,Aktions
?,--
omitee,omitee
an,an
der,der
Spiße,Spiße
ein,ein
vier-,vier
undzwonzigstündiges,undzwonzigstündig
QGenere%,QGenere%
 , 
freit,Freit
verkündet,verkünden
",",--
der,der
jast,Jast
in,in
der,der
ganzen,ganz
Eh,eh
),--
inzegehalten,inzegehalten
wurde,werden
.,--
die,der
Eilenbahnen,eilenbahner
verfehrten,verfehrten
.,--
 , 
m,m
Bundespcloft,Bundespcloft
tagte,tagen
heute,heute
die,der
Rationel-,Rationel
WE,WE
fun,fun
;,--
Der,der
Bundesprüfident,Bundesprüfident
gcb,gcb
die,der
Berfiherung,Berfiherung
<,<
b,--
",",--
doß,doß
gegen,gegen
 , 
Versuche,Versuch
ftreugste,ftreugst
Kahmen,Kahme
getzoffen,tzoffen
und,und
Ges,Ges
sollen,sollen
",",--
Es,es
handle,handeln
fi,fi
Nichtseix,Nichtseix
dex,dex
Demokra,Demokra
119,119
€,€
Presse,Presse
llt,llt
Burt,Burt
vos,vos
de,de
 , 
ische,isch
Presse,Presse
1x,1x
ps,ps
 , 
Bolschewismus,Bolschewismus
und,und
verlangt,verlangen
Vorkehrungen,Vorkehrung
 , 
verläl,verläl
 , 
dazenrates,dazenrat
zugegangen,Zugegang
find,Find
",",--
hat,haben
fich,fich
nict,Nict
nar,Nar
8,8
 , 
Franfreiß,Franfreiß
",",--
jondern,jonder
auß,auß
in,in
Exgland,Exgland
eine,ein
18-,18
 , 
volutiondrce,volutiondrce
Bewegung,Bewegung
entw,Entw
 , 
die,der
sich,sich
xas,xas
<,<
ausbreitet,ausbreiten
und,und
shon,shon
jeht,jehen
e,e
*,*
 , 
Deba,Deba
anzegaumen,anzegaumen
das,der
----,----
"2,2","2,2"
|,|
Biidung,Biidung
eines,ein
Klademikerrafes,Klademikerraf
.,--
 , 
Gestern,gestern
vormittay,vormittay
hat,haben
in,in
Berlin,Berlin
A,--
5,5
-,-
4,4
 , 
|,|
var,var
waneh,Waneh
der,der
afademi,Afademi
&,&
en,en
Verbände,Verband
und,und
tutcatro,Tutcatro
:,--
eoär,eoär
de,--
stattgelurden,stattgelurden
",",--
in,in
tex,Tex
die,der
Es,es
Akademik,Akademik
ig,ig
],]
 , 
er,er
Rat,Rat
wird,werden
5,5
n,n
treten,treten
.,--
Die,der
Versammlung,Versammlung
4,4
“,--
 , 
"""",--
Der,der
vierle,vierl
Revoiut,Revoiut
:,--
ousfag,ousfag
.,--
 , 
Erfreutive,Erfreutive
Nuhe,Nuhe
.,--
=,=
*,*
Kein,kein
Schuß,Schuß
gefallen,fallen
.,--
 , 
Derlin,Derlin
hat,haben
seine,sein
Ruhe,Ruhe
wiedergefunden,wiederfinden
.,--
Langsam,langsam
",",--
aber,aber
fier,Fier
kommt,kommen
Ordnung,Ordnung
in,in
das,der
Durdeinander,Durdeinander
.,--
Die,der
Schießereien,Schießereie
haben,haben
anschei-,anschei-
nend,nend
aufgehört,aufhören
.,--
Aufgeregte,Aufgeregte
Gemütat,Gemütat
erzählten,erzählten
fi,fi
Märchen,Märchen
von,von
königstreuen,königstreu
Offizieren,Offizier
",",--
die,der
 , 
Vol,Vol
?,--
sbeauftragter,sbeauftragter
für,für
d,d
vie,vie
öffentliche,öffentlich
Sickerheit,Sickerheit
.,--
 , 
Biederaufnahme,Biederaufnahme
der,der
Arbeit,Arbeit
.,--
 , 
Abbau,Abbau
des,der
Rüftungt-,Rüftungt
und,und
Munißionso,Munißionso
bewiodes,bewiod
",",--
 , 
Die,der
Arbeit,Arbeit
Arbeit,Arbeit
in,in
gestern,gestern
in.den,in.d
Berliner,Berliner
Vo-,Vo
 , 
trieben,treiben
0.,0.
gä,gä
wieder,wieder
aufger.ume,aufger.ume
[,[
25,25
%,%
3,3
-+-,-+-
"""",--
ane,anen
vy,vy
aut,aut
x,x
wie,wie
eh,eh
zur,zu
Arbeit,Arbeit
eingefunden,eingefunden
.,--
Nur,nur
in,in
in,in
wenf,Wenf
trieben,treiben
vollzo3,vollzo3
ie,ie
Wieder,Wieder
:,--
*,*
glatt,glatt
Es,es
Fandet,Fandet
fis,fis
sich,sich
dave,dave
ige,ige
um,um
einige,einiger
Küfner,Küfner
die,der
mit,mit
Meierlalshwierigte,Meierlalshwierigte
ten,ten
jeben,jeben
.,--
Dort,dort
wird,werden
nur,nur
bis,bis
3,3
 , 
1,1
ebe,ebe
Ne,Ne
finden,finden
troß,Troß
zahle,zahlen
|,|
dern,dern
dahe,dah
:,--
unsere,unser
Kom,Kom
",",--
eil,eil
23,23
GE,GE
mehr,mehr
statt,statt
.,--
Die,der
Baen,Baen
:,--
Ee,ee
in,in
Arlon,Arlon
zlung,Zlung
ind,ind
vieljach,Vieljach
bis,bis
auf,auf
die,der
SiIste,SiIst
zacüd,zacüd
|,|
riegi,Riegi
Een,Een
Kriepadese,Kriepadese
 , 
gegangen,gehen
I,I
nnen,Nn
erhalte,erhalt
T,T
4,4
denen,der
*,*
Elementen,Element
zur,zu
zur,zu
tangel,Tangel
-,--
HE,HE
rh,rh
feine,feinen
neue,neu
-,--
H,H
den,der
best,besen
er,er
 , 
Mehrjach,Mehrjach
wurde,werden
dem,der
Arbeitspersonal,Arbeitspersonal
anzefün-,anzefün-
Bestlage,Bestlage
daß,daß
in,in
etwa,etwa
14,14
Taxen,Taxe
die,der
vorliegenden,vorliegend
Bestellungen,Bestellung
",",--
„,--
ausgearbeitet,ausarbeiten
fein,fein
würden,werden
.,--
ie,ie
Friedenzwirt,Friedenzwirt
/,--
haft,Haft
sollen,sollen
zu,zu
Fr,Fr
die,der
in,in
bie,bien
Stam,Stam
earbeit,Earbeit
ersat,ersat
und,und
die,der
aus,aus
dem,der
Aiiet,Aiiet
wr,wr
Feieihoenden,Feieihoende
.,--
früheren,früh
Arbeiter,Arbeiter
berüd-,berüd
 , 
Die,der
Tät'g,Tät'g
!,--
eit,eit
des,der
Bollzugsrals,Bollzugsral
.,--
Alle,aller
provisorisch,provisorisch
peg,peg
Spr,Spr
Wrpe,Wrpe
:,--
schafien,schafien
Sirhos,Sirhos
Kra,Kra
 , 
Der,der
Bollzugsrat,Bollzugsrat
des,der
A.-,A.-
und,und
G.-,G.-
Rates,Rat
erläßt,erlassen
folgenden,folgend
Aufr,Aufr
:,--
 , 
Berlin,Berlin
",",--
11.,11.
Nevember,Nevember
.,--
Au,au
die,der
Sine,Sin
uin,uin
Coldateu,Coldateu
Groß-,Groß
 , 
ins,in
.,--
 , 
Störung,Störung
der,der
Orduung,Orduung
 , 
4,4
worden,werden
find,find
.,--
Es,es
sendet,senden
uns,uns
jeht,jehen
das,der
aus,aus
Sahn,Sahn
am,an
Alezanderplaß,Alezanderplaß
",",--
aus,aus
dem,der
am,an
Montog,Montog
nahmittag,nahmittag
auf,auf
dos,Dos
2,2
-,--
41ium,41ium
gesoffen,gesoffen
sein,sein
soll,sollen
",",--
eine,ein
Erklärung,Erklärung
",",--
3,3
-,-
4,4
all,all
diese,dieser
Meldungen,Meldung
unwehrs,unwehr
Gerüchte,Gerücht
sind-,sind-
=,=
mal,mal
haben,haben
Patrouillen,Patrouill
dort,dort
die,der
Räume,Raum
s0:3,s0:3
/,--
7.ig,7.ig
durcchsuccht,durcchsucchen
",",--
ohne,ohne
auc,auc
),--
nur,nur
den,der
gering,gering
»,--
ften,ft
Anhalt,Anhalt
für,für
den,der
Verdacht,Verdacht
zu,zu
finden,finden
.,--
 , 
aG,AG
der,der
Godwarenladen,Godwarenlade
von,von
Mas,Mas
Busse,Bus
 , 
grhattung,grhattung
10.,10.
Ordnurg,Ordnurg
fefort,fefort
upd,upd
mit,mit
allen,aller
ing,ing
26.,26.
Ordnung,Ordnung
sefort,sefort
Aräiten,Aräit
zur,zu
Verfügung,Verfügung
zu,zu
stellen,stellen
.,--
Demit,demit
die,der
Mitarkeit,Mitarkeit
prakti'en,prakti'en
Gefolg,Gefolg
habe,haben
",",--
ist,sein
bei,bei
der,der
Demobilmachung,Demobilmachung
und,und
beim,bei
Wieder-,Wieder
oufbau,Oufbau
des,der
Wirk,Wirk
/,--
hafts-,haft
und,und
Staatslebens,Staatsleben
den,der
Arbeitern,Arbeiter
geistiore,geistiore
Berufe,Beruf
eine,ein
angewesene,angewesen
Bere,Bere
tretung,Tretung
die,der
Verwaltung,Verwaltung
rreelnden,rreelnd
Kör-,Kör
perichasten,perichasn
zu,zu
sichern,sichern
.,--
Fürforgemaßnahme,Fürforgemaßnahme
:,--
n,n
ür,ür
',--
+,+
miser,mise
",",--
die,der
dur,dur
<,<
die,der
Demobilmachung,Demobilmachung
not-,not
wendig,wendig
werden,werden
",",--
find,find
im,in
Werts,Wert
.,--
Die,der
rice,Rice
:,--
(,--
Sigten,Sigt
fore,Fore
Hebt,Hebt
in,in
der,der
Gm,Gm
des,der
Aras,Aras
Hilfsbundes,Hilfsbund
.,--
Die,der
Dildung,Dildung
eires,eir
Miodineterrol's,Miodineterrol's
feht,fehen
unmittel,Unmittel
bear,bear
",",--
De,De
jeder,jeder
Ansfunft,Ansfunft
ist,sein
der,der
Akademis,Akademis
>,>
e,e
Silfsbund,Silfsbund
",",--
Seriinterigheieben,Seriinterigheieben
1,1
der,der
Aufent,Aufent
vo,vo
mtorichrieben,mtorichrieben
ist,sein
der,der
Aufruf,Aufruf
von,von
fast,fast
al'en,al'en
okademiscie,okademiscie
»,--
Führern,Führer
",",--
sowohl,sowohl
vom,von
okndemischen,okndemisch
Eiutentanbienst,Eiutentanbienst
",",--
wie,wie
vom,von
Bund,Bund
höherer,hoch
Vee,Vee
 , 
de,de
!,--
in,in
feiden,feid
Deichstr,Deichstr
fein,fein
Menich,menich
x,x
:,--
einer,ein
Wasse,Was
aufgehalten,aufhalten
hatte,haben
.,--
scheint,scheinen
also,also
vernünftig,vernünftig
geworden,werden
zu,zu
 , 
s&en,s&en
Verbär,Verbär
 , 
Die,der
Rechtsprechung,Rechtsprechung
.,--
Einfetung,Einfetung
von,von
Siandgerichten,Siandgerichten
.,--
Die,der
Redchtiprechurg,Redchtiprechurg
ist,sein
bisher,bisher
durch,durch
.,--
die,der
Um-,Um
 , 
Der,der
von,von
den,der
Arbeiter,Arbeiter
",",--
und,und
Soldatenräten,Soldatenrät
Groß-Berlins,Groß-Berlin
gewählte,gewählen
rig,rig
's,'s
Arbeiter-,Arbeiter
und,und
Soldatenrats,Soldatenrat
hat,haben
seine,sein
Tätigkeit,Tätigkeit
aufge,aufge
»,--
nommen,nommen
.,--
 , 
Alle,alle
koarmunalen,koarmunalen
",",--
Landes-,Land
",",--
Reichs-,Reichs
und,und
Mili-,Mili
fürbehörden,fürbehörd
jehen,jehen
ihre,ihr
Täh'oleit,Täh'oleit
fort,fort
.,--
Alle,aller
An-,An
ooduungen,ooduungen
dieser,dieser
Behörden,Behörde
erfolgen,erfolgen
im,in
Aastroge,Aastroge
des,der
Vollzugarats,Vollzugarat
des,der
hegen,heg
und,und
Sol,Sol
!,--
ats,ats
nn,nn
den,der
Anordnungen,Anordnung
Tse,Tse
 , 
Tei,Tei
eisten,eisten
.,--
Alle,aller
|,|
:,--
eis,Eis
Begeun,Begeun
der,der
Revolution,Revolution
im,in
Bereiche,Bereich
Groß,Groß
Berlins,Berlin
provisorisch,provisorisch
gebildeten,gebildet
Körper,Körper
»,--
schaften,schaften
",",--
«,--
uch,uch
solche,solcher
",",--
die,der
den,der
Namen,Name
Arbeiter,Arbeiter
»,--
 , 
»,--
1.:cm,1.:cm
Umfange,umfange
ebgesperrt,ebgesperren
.,--
"""",--
Ratgar,ratgar
dissen,dissen
bilde,Bild
»,--
ene,en
Kette,Kette
um,um
diesen,dieser
Stadtteil,Stadtteil
.,--
Sier,Sier
und,und
da,da
waren,sein
zwar,zwar
andauernd,andauernd
Maschinengewehre,Maschinengewehr
aufe,aufe
peilt,peilen
",",--
doch,doch
werden,werden
auch,auch
sie,sie
im,in
Laufe,Lauf
der,der
näch,Näch
»,--
fen,fen
Lu,Lu
verschwinden,verschwinden
.,--
 , 
übrigen,übrigen
bot,bieten
das,der
Etraßenbild,Etraßenbild
niehts,niehts
Aries,Aries
.,--
Die,der
Menschen,Mensch
eilten,eilen
wie,wie
sonst,sonst
ihren,ihr
Bs,Bs
>,>
16,16
ergrund-,ergrund-
 , 
anzelum,Anzelum
eren,er
Unterbrechungen,Unterbrechung
;,--
&,&
%,%
=,=
Aug,Aug
--,--
Jule,Jule
",",--
Läden,Laden
und,und
Restaurants,Restaurant
waren,sein
geöffnet,öffnen
;,--
|,|
u3d,u3d
Soldatenrat,Soldatenrat
führ,führ
“,--
un,UN
!,--
mmt,mmen
.,--
 , 
sammen,Samme
 , 
einander,einander
",",--
Hie,Hie
8-Uhr-Sperre,8-Uhr-Sperre
aufgehoben,aufheben
.,--
gm,gm
TEICH,TEICH
Don,Don
den,der
Wipe,Wipe
eten,et
und,und
[,[
3247,3247
(,--
IK,IK
ME,ME
weil,weil
die,der
auf,auf
 , 
4,4
=,=
"""",--
I,I
:,--
Arbeiter,Arbeiter
»,--
und,und
Soldatenrat,Soldatenrat
werden,werden
AE,AE
bo,bo
mult,Mult
vag,vag
],]
WB,WB
.,--
fin,fin
nta,nta
deit,deit
:,--
mit,mit
:,--
','
anntmochungen,anntmochung
und,und
gungen,Gung
|,|
GR,GR
werben,werben
.,--
 , 
murder,murder
Das,der
Verbot,Verbot
des,der
Aufenthalls,Aufenthall
auf,auf
der,der
Straße,Straße
|,|
dt,dt
",",--
SEE,SEE
eilen,eilen
und,und
.,--
0.,0.
Beerfelds,Beerfeld
in,in
eie,ei
Spee,Spee
 , 
..,..
"""",--
s,--
n,n
und,und
y,y
..,..
Beerfe,Beerf
 , 
Eee,Eee
15,15
3,3
Uhr,Uhr
abends,abends
ist,sein
ausgehoben,ausgehoben
.,--
Allerdings,allerdings
|,|
wWietzeicnet,wWietzeicnet
Derden,Derde
:,--
1,1
 , 
apa,Apa
wi,wi
:,--
zwartet,zwarten
",",--
daß,daß
sih,sih
niemand,niemand
zweflos,zweflos
.,--
wt,wt
auf,auf
der,der
Straße,Straße
[,[
agb,agb
burg,burg
Berlin,Berlin
",",--
12.,12.
November,November
.,--
|,|
getreten,treten
",",--
eine,ein
derung,Derung
jei,jei
aber,aber
a,a
R,R
mn,mn
Ne,Ne
|,|
„,--
Ds,ds
DS,DS
I,I
en,en
Ti,Ti
|,|
Si,Si
RS,RS
ge,ge
LE,LE
85,85
3,3
m,m
 , 
j,j
DE,DE
WIES,WIES
R,R
WEER,WEER
EU,EU
HE,HE
€,€
 , 
=,=
»,--
Aufhebung,Aufhebung
der,der
&,&
-Uhr-Sperre,-Uhr-Sperre
hat,haben
für,für
|,|
j,j
",",--
Besti,Besti
Anlaß,Anlaß
die,der
Ger,Ger
',--
üßten,üßen
deshalb,deshalb
",",--
newer,newer
Berliner,Berliner
Bevölkerung,Bevölkerung
ein,ein
:,--
größe,größ
Ex-,Ex
[,[
em,em
x,x
Bu,Bu
Pier,Pier
Seftäcte,Seftäcte
mgl,mgl
el,el
auß,auß
ei,ei
€,€
baldige,baldig
Deda,Deda
Keene,Keene
 , 
Noch,noch
größer,groß
war,sein
die,der
Er-,Er
dem,der
Polizeipräsidium,Polizeipräsidium
",",--
wo,wo
die,der
C,C
:,--
merbstätigen,merbstätigen
",",--
der,der
an,an
sie,sie
gerichteten,gerichtet
Auf-,Auf
 , 
Die,der
in,in
den,der
einzelnen,einzeln
Betrieben,Betrieb
und,und
For-,For
gebilzeten,gebilzet
Arbeiter-,Arbeiter
",",--
Soldaten-,Soldat
und,und
 , 
a,a
12,12
Uhr,Uhr
",",--
dem,der
Beginn,Beginn
der,der
Kartenver-,Kartenver
",",--
mit,mit
den,der
größten,groß
Schwierigkeiten,Schwierigkeit
ver-,ver
überhaupt,überhaupt
ins,in
Präsidium,Präsidium
zu,zu
ge-,ge
Zum,zu
Gläd,Gläd
wurde,werden
bald,bald
durd,Durd
den,der
obigen,obig
Bekanntmachung,Bekanntmachung
 , 
„,--
Kriminallommissar,Kriminallommissar
Grüne,grün
Berg,Berg
",",--
Kriminaloberwachtmeister,Kriminaloberwachtmeister
Ei,Ei
imie,imien
wechtmeister,Wechtmeister
Seinemeyer,Seinemeyer
und,und
den,der
inaäcuhmänzeen,inaäcuhmänze
Carmrodt,Carmrodt
und,und
...,--
vH,vH
Die,der
alica,alica
Answeiskarten,Answeiskart
 , 
[,[
ange,angen
weiter,weiter
",",--
bis,bis
neue,neu
eingeführt,einführen
find,find
.,--
(,--
Ema,Ema
",",--
sei,sein
hierauf,hierauf
besonders,besonders
aufmerb-,aufmerb
game,Game
",",--
damit,damit
sie,sie
nicht,nicht
Schwindlern,Schwindler
in,in
 , 
de,de
falle,fallen
.,--
Einige,einiger
Beamten,Beamter
haben,haben
bereits,bereits
 , 
in,in
den,der
Maryse,Maryse
ver,v
leßien,leßi
Tage,Tag
inner,inn
»,--
0,0
Gio,Gio
ß-Berlins,ß-Berlin
Gefallenen,gefallener
sollen,sollen
«,--
auf,auf
dem,der
riedhof,Riedhof
dee,dee
Werz,Werz
se,se
Neuen,neue
im,in
 , 
ke,ke
Fie,Fie
Braut,Braut
niederzuschießen,niederzuschießen
.,--
 , 
Beiv-haltung,Beiv-haltung
der,der
Polizeistunde,Polizeistunde
",",--
=,=
Ver-,Ver
eins,eins
uud,uud
Versammlungsfreiheit,Versammlungsfreiheit
.,--
Der,der
Arbeiter-,Arbeiter
und,und
Soldatenrat,Soldatenrat
 , 
2135,2135
:,--
folgende,folgend
Bekanntmachung,Bekanntmachung
:,--
 , 
1ic,1ic
<,<
aufgehoben,aufheben
worden,werden
.,--
 , 
0:15,0:15
fiehenden,fiehend
Der,der
Magistrat,Magistrat
in,in
Potsdam,Potsdam
et,et
ndorf,Ndorf
ist,sein
CE,CE
[,[
7,7
daß,daß
6,6
],]
 , 
betont,betonen
",",--
daß,daß
die,der
Jugendwehr,Jugendwehr
aufst,aufst
it,--
.,--
Die,der
Ausungen,Ausung
müsen,müsen
fosort,fosort
Regierung,Regierung
in,in
Potsdam,Potsdam
abzegeben,abzegeben
Reiden,Reid
 , 
Aufhebung,Aufhebung
erfolgen,erfolgen
wird,werden
.,--
Die,der
 , 
firaße,Firaße
3,3
",",--
eine,ein
Volksversammlung,Volksversammlung
mit,mit
dem,der
Thema,Thema
„,--
Die,der
geseßgebende,geseßgebend
Naticnalv-rsarme,Naticnalv-rsarm
lung,Lung
"""",--
.,--
Redner,Redner
id,id
Freiherr,Freiherr
v.,v.
E&ardstein,E&ardstein
",",--
der,der
betennte,betennt
Diplomat,Diplomat
",",--
der,der
wegen,wegen
seiner,sein
Kennt-,Kennt
nis,nis
der,der
Vorgeschichte,Vorgeschichte
des,der
Krieges,Krieg
2,2
Jahre,Jahr
än,än
»,--
heitiert,heitiern
war,sein
.,--
werden,werden
sorecjen,sorecjen
Hauphe,Hauphe
morn,Morn
v.,v.
Deexfelde,Deexfelde
",",--
Abgeordneite,Abgeordneite
Ströe,Ströe
bel,bel
und,und
anders,anders
 , 
die,der
Karten,Karte
für,für
werdende,werdend
Mütter,Mutter
 , 
lichen,lichen
und,und
a,a
in,in
ea,ea
 , 
te,te
Trogen,Troge
von,von
Waffen,Waffe
seitens,seitens
der,der
Prithe,Prithe
“,--
nöterung,Nöterung
ist,sein
orzboten,orzboen
.,--
Zuwiderhan,Zuwiderhan
strengster,strengster
Destrafun,Destrafun
 , 
amten,amten
und,und
OC,OC
],]
Vertretern,Vertreter
der,der
großen,groß
studenti-,studenti
 , 
1EB,1EB
.,--
1,1
Ir,ir
 , 
fo,fo
:,--
folgend,folgend
",",--
Aus,aus
veiskarten,veiskarten
abholen,abholen
heben,heben
von,von
der,der
Gendarmerichehörde,Gendarmerichehörde
den,der
Besehl,Besehl
Bilten,Bilt
",",--
Der,der
Undrang,Undrang
war,sein
fo,fo
start,Start
",",--
daß,daß
es,es
Ey,Ey
dug,dug
7,7
egi,Egi
eangennengegen,eangennengegen
 , 
En,En
fü,fü
die,der
r,r
?,--
2,2
Lagfüh,Lagfüh
der,der
Tat,Tat
keine,kein
s,s
 , 
wd,wd
af,af
er,er
"""",--
gnabend,gnabend
«,--
abond,abond
Hy,Hy
Eb,eb
va,va
Arbeit,Arbeit
zu,zu
fragen,fragen
.,--
Ex,ex
ben,ben
zie,zie
jann,jann
einen,ein
günstigen,günstig
Äugenbli,Äugenbli
>,>
",",--
um,um
€,€
.,--
und,und
 , 
ausnahme,Ausnahme
des,der
Geldbriefverkehes,Geldbriefverkeh
.,--
...,--
Sofa,Sofa
in,in
Berlin,Berlin
und,und
den,der
Vorotten,Vorott
 , 
die,der
Been,Been
",",--
zurüderhaltca,Zurüderhaltca
",",--
riedxichshain,Riedxichshain
gemeinsam,gemeinsam
bef,bef
Were,Were
...,--
16,16
Destatis,Destati
ZImen,zImen
von,von
heute,heute
ab,ab
Geldbriefe,Geldbrief
und,und
Aa'hebung,Aa'hebung
der,der
ZIE,ZIE
ver,v
wnn,wnn
wellen,well
Berio,Berio
ater,at
aur,aur
Sestederung,Sestederung
rung,Rung
wieder,wieder
ans,an
Zensur,Zensur
.,--
€,€
Sorübe,Sorübe
de,--
:,--
Die,der
Karlshor|,Karlshor|
xen,xen
aufgehs,Aufgehs
9,9
am,an
ER,ER
iE,iE
Ee,Ee
Rem,Rem
aN,aN
 , 
verschoben,verschieben
werden,werden
mußte,müssen
",",--
iK,iK
munmehr,munmehr
gänge,gäng
 , 
füße,füß
und,und
Reugelder,Reugelder
werden,werden
zurüßoegahlt,zurüßoegahlen
.,--
Ucber,Ucber
 , 
ie,ie
beiden,beide
0,0
:,--
Trabrenntage,Trabrenntage
in,in
a,a
worden,werden
",",--
doch,doch
es,es
 , 
Binge,Bing
wohl,wohl
aufer,auf
waist,waistn
",",--
Daß,daß
aw,aw
Ber,Ber
die,der
 , 
lezte,lezen
dertiche,dertich
 , 
Kriegsrennzeit,Kriegsrennzeit
kann,können
alss,alss
schon,schon
jekt,jekt
als,als
beendet,beenden
 , 
Volksversart,Volksversart
das,der
Bundes,Bund
„,--
Neues,neue
|,|
gelten,gelten
.,--
(,--
Es,es
ietseafter,ietseaft
BREN,BREN
He,He
EIT,EIT
I,I
Uhr,Uhr
in,in
.,--
den,der
Mil,Mil
me,me
D,D
Bertin,Bertin
hat,haben
(,--
afin,Afin
in,in
|,|
0,0
),--
alen,alen
haben,haben
Alle,aller
Et,Et
NO,NO
des,der
WERC,WERC
EpiHhern-,EpiHhern-
|,|
wesentlich,wesentlich
besser,gut
geftaliet,Geftaliet
.,--
Infolgedessen,Infolgedessen
 , 
ie,ie
strat,Strat
angeordnei,Angeordnei
",",--
daß,daß
bie,bien
Krankenkarten,Krankenkarten
Is,is
jeder,jeder
voll,voll
bes,bes
 , 
fs,fs
morgen,morgen
werden,werden
125,125
Gromm,Gromm
Käse,Käse
*,*
den,der
Bezirken,Bezirk
4=7,4=7
",",--
14,14
-,-
15,15
",",--
17,17
",",--
19,19
",",--
30,30
",",--
21,21
",",--
173,173
und,und
0,0
:,--
 , 
16,16
de,de
:,--
I,I
affe,affen
;,--
Wgie,Wgie
von,von
15,15
ron,ron
Freitog,Freitog
em,em
",",--
späterer,spät
Veliess,Veliess
»,--
 , 
Die,der
Graditer,Graditer
Bullion,Bullion
",",--
die,der
urprüngtic,Urprüngtic
 , 
am,an
vergangenen,vergangen
Freitag,Freitag
statt,statt
/,--
inden,inden
sollte,sollen
",",--
denn,denn
.,--
aber,aber
ebnesagt,ebnesagen
wurde,werden
",",--
soll,sollen
nunmehr,nunmehr
am,an
nächsten,nächster
Montag,Montag
um,um
2,2
Uhr,Uhr
in,in
Hoppegarten,Hoppegart
vox,vox
 , 
fich,fich
gehen,gehen
.,--
 , 
-,--
|,|
Raabäüberiall,Raabäüberiall
in,in
der,der
H3:zmarksiraße,H3:zmarksiraße
.,--
 , 
Der,der
eine,ein
Täter,Täter
standrechtlich,standrechtlich
erschoffen,erschoffen
.,--
 , 
Gestern,gestern
mittag,mittag
drangen,dringen
zwet,zwet
Rusf,Rusf
das,der
Gemüsegeschäit,Gemüsegeschäit
von,von
Marie,Marie
Heise,Heise
Miccellirhbrüde,Miccellirhbrüde
2,2
",",--
Cle,Cle
der,der
Holzmarktsireße,Holzmarktsireße
",",--
ein,ein
",",--
überfielen,überfielen
die,der
Fou,Fou
",",--
fesselten,Fesselt
und,und
würgen,würgen
sie,sie
",",--
warsen,warsen
sie,sie
zu,zu
Beden,Beden
und,und
raubten,rauben
ihr,ihr
die,der
 , 
„,--
=,=
 , 
Briestasche,Briestasche
mit,mit
3000,3000
L2ax,L2ax
!,--
.,--
Als,als
die,der
Ucberfallene,Ucberfallene
um,um
Hilfe,Hilfe
rief,rufen
",",--
erzeisfen,erzeisfen
sie,sie
die,der
F,F
Publikum,Publikum
",",--
des,der
dur,dur
die,der
Hi,Hi
!,--
 , 
gaworden,gaworden
war,sein
",",--
verfolgte,verfolgen
de,de
R.,R.
den,der
einen,ein
festzunehmen,Festzunehm
",",--
wäßrend,wäßrend
dc,dc
kum,kum
.,--
Der,der
Verhoitete,verhoiteter
lezte,lezen
ein,ein
 , 
und,und
wurde,werden
auf,auf
einem,ein
Hofe,Hofe
des,der
Polizeipri,Polizeipri
fojort,Fojort
ex,ex
schossen,schießen
.,--
 , 
Anz,Anz
der,der
Ferlustzte,Ferlustzte
ür,ür
.,--
1230,1230
",",--
 , 
(,--
Dezliner,Dezliner
und,und
Märker,Märker
.,--
),--
 , 
uthe,uthe
",",--
Be,Be
!,--
ERNE,ERNE
5,5
 , 
ie,ie
Eberswalde,Eberswalde
",",--
Meye,Meye
:,--
EE,EE
burg,burg
",",--
10,10
",",--
Mitsching,Mitsching
",",--
Erich,Erich
",",--
Charlott,Charlott
Än,Än
R,R
:,--
 , 
MWozle,MWozle
",",--
Leop,Leop
.,--
",",--
sämt,sämen
Neumann,Neumann
",",--
Kut,Kut
",",--
"""",--
=,=
4,4
*,*
Pade,Pade
",",--
",",--
Reinsc,Reinsc
<,<
",",--
Erw,Erw
.,--
",",--
um.z,um.z
tex,tex
",",--
Dr.,Dr.
",",--
f.,f.
Rennebarth,Rennebarth
",",--
Em,Em
?,--
l,l
",",--
Epan,Epan
»,--
 , 
dau,dau
",",--
um,um
.,--
;,--
Röhr,Röhr
",",--
Otto,Otto
",",--
5,5
;,--
3,3
 , 
Kaxr,Kaxr
!,--
",",--
er,er
",",--
Rer,Rer
 , 
Ul,Ul
Gest,Gest
",",--
vais,vais
c,c
-,--
 , 
u,u
E,E
 , 
8,8
 , 
zum,zu
 , 
8,8
 , 
iE,IE
 , 
8,8
 , 
EH,EH
ii,ii
BEagEE,BEagEE
m,m
j,j
34,34
M,M
 , 
5,5
13,13
144,144
|,|
DE,DE
8,8
308,308
EINE,EINE
 , 
H,H
28,28
;,--
ma,ma
ü,ü
ie,ie
nÜE883,nÜE883
EIE,EIE
1,1
 , 
ZIE,ZIE
 , 
NEE,NEE
 , 
.--,.--
3,3
Z8,Z8
 , 
j,j
|,|
er,er
],]
i,i
ii,ii
 , 
u,u
ö,ö
 , 
8,8
1821,1821
88,88
 , 
;,--
[,[
3,3
],]
:,--
 , 
ß,ß
:,--
 , 
i,i
“,--
2,2
3,3
s,--
3,3
4,4
?,--
1,1
],]
3,3
 , 
iR,iR
!,--
3,3
23209,23209
7,7
i,i
 , 
EE,EE
100,100
3085,3085
H,H
05,05
[,[
4,4
 , 
OE,OE
595,595
 , 
iM,iM
 , 
[,[
54,54
ZU,ZU
Di,Di
aOmittegt,aOmittegt
eee,eee
<,<
mittag8-Siehung,mittag8-Siehung
wurden,werden
folgend,folgend
"""",--
20,20
000,000
Mailt,Mailt
12:70.,12:70.
Be,Be
wart,werten
:,--
10s70,10s70
warn,warn
",",--
u,u
I,I
Bait,Bait
36.090,36.090
40080,40080
Bieas,Bieas
01008,01008
Ep,ep
1,1
mi,mi
Ee,Ee
 , 
ee,ee
Ftzeh,Ftzeh
1,1
Kenrzbe,Kenrzbe
DI,DI
p,p
Das,der
Auge,Auge
d2s,d2s
Buddya,Buddya
.,--
Roman,Roman
von,von
Friedrich,Friedrich
Iacobjen,Iacobjen
.,--
',--
7.,7.
Fortlezung,Fortlezung
.,--
),--
tte,tte
den,der
Au,Au
der,der
Ri,Ri
Padlaue,Padlaue
geadus,geadus
Zebant,Zebant
",",--
Dos,Dos
von,von
Dartanlagen,Dartanlage
wgre,wgre
It,It
hodentwidelier,hodentwideli
Schönheitsfinn,Schönheitsfinn
wurde,werden
bei,bei
nblid,Nblid
diejes,diejes
griedhischea,griedhischea
Marmortempe,Marmortempe
!,--
s,s
so,so
 , 
fehr,Fehr
entzüdt,entzüden
",",--
daß,daß
 , 
den,der
fiel,fallen
und,und
eiwas,eiwas
von,von
der,der
Ins,in
0.,0.
peer,peer
m,m
 , 
4,4
ihrem,ihr
Gatien,Gatien
Sohn,Sohn
hatte,haben
Dorouf,Dorouf
Belägen,Beläg
1,1
Senn,Senn
Dir,dir
die,der
Eirfemteit,Eirfemteit
ge,ge
 , 
fte,ften
und,und
meine,mein
Vorliebe,Vorliebe
für,für
vie,vie
3008,3008
ssen,ssen
",",--
aber,aber
an,an
Geselligkeit,Geselligkeit
soll,sollen
es,es
Dir,dir
arum,arum
nicht,nicht
mangeln,mangeln
",",--
ih,ih
habe,haben
auf,auf
meinen,mein
Reisen,Reise
mance,mance
interessante,interessant
Belanntscha,Belanntscha
und,und
wer,wer
New,New
York,York
des,der
 , 
es,es
kamen,kommen
viele,viele
",",--
die,der
ein,ein
Stü,Stü
von,von
 , 
aber,aber
ih,ih
sich,sich
stimmt,stimmen
schien,scheinen
",",--
Judieas,Judiea
Ruhe,Ruhe
zu,zu
süören,süören
und,und
ihre,ihr
 , 
er,er
war,sein
ein,ein
englischer,englisch
Gelehrter,Gelehrter
von,von
bedeu,bedeu
»,--
 , 
hatte,haben
sich,sich
Ener,Ener
],]
 , 
und,und
den,der
Charakter,Charakter
dises,dis
rätselhaften,Rätselhaft
jielt,jielen
ex,ex
in,in
New,New
York,York
Vorträge,Vortrag
und,und
verkehrte,verkehren
au,au
Judicas,Judica
 , 
ic,ic
<,<
=,=
=,=
er,er
wußte,wissen
immer,immer
so,so
viel,viel
zu,zu
erzählen,erzählen
",",--
daß,daß
man,man
 , 
Ym,Ym
mit,mit
atemloser,atemloser
Span,Span
 , 
Enterbrac,Enterbrac
ex,ex
plagt,plagen
LE,LE
pi,pi
 , 
te,te
den,der
Saushertn,Saushertn
ce,ce
seinen,sein
Tee,Tee
scylörfte,scylörfen
.,--
um,um
jagte,jagt
John,John
",",--
und,und
der,der
Gast,Gast
lächelte,lächelen
etwas,etwas
 , 
Mister,Mister
Perry,Perry
",",--
aber,aber
das,der
Auge,Auge
des,der
Men-,Men-
ere,ere
Wege,Weg
als,als
seine,sein
|,|
ewöhnlid,ewöhnlid
Jhönen,Jhön
Krowatte,Krowatt
",",--
und,und
ic,ic
wurde,werden
dur,dur
seinen,sein
Kreis,Kreis
Stille,Stille
ein,ein
",",--
und,und
die,der
einen,ein
Blik,Blik
;,--
Judica,Judica
schüttelte,schütteln
pf,pf
",",--
John,John
löste,lösen
den,der
s&warzen,s&warze
Walker,Walker
",",--
wenn,wenn
Sie,sie
vielleicht,vielleicht
Kenner,Kenner
find,find
73,73
Emerdanliches,Emerdanlich
„,--
CopyriaNt,CopyriaNt
1918,1918
",",--
vy,vy
Ultzeis,Ultzeis
&,&
Co.,Co.
*,*
.,--
 , 
ober,ober
eines,ein
Abends,Abend
zung,Zung
und,und
betrach,betrach
»,--
behaglich,behaglich
 , 
[,[
hen,hen
geht,gehen
mitunter,mitunter
ganz,ganz
ie,ie
tragen,tragen
da,da
einen,ein
ung,Ung
Edchmut,Edchmut
in,in
Ihrer,Ihrer
 , 
ebgelenkt,ebgelenken
.,--
“,--
 , 
gotten,gotten
wechselten,wechseln
bl,bl
;,--
 , 
7,7
de,de
 , 
WE,WE
ureanzua,ureanzua
pg,pg
nn,nn
',--
Die,der
tanzende,tanzend
Nrmpte|,Nrmpte|
 , 
„,--
verliner,verlin
Tneater,Tneater
.,--
 , 
LesSing-iheater,LesSing-iheater
",",--
 , 
Dirokt,Dirokt
.,--
/,--
Vietor,Vietor
Rarneweky,Rarneweky
NU,NU
ar,ar
quis,quis
von,von
Keith.|,Keith.|
Von,von
Termann,Termann
Syd'rmaan,Syd'rmaan
.,--
18,18
Bruno,Bruno
 , 
Deutsches,Deutsche
Künstler,Künstler
»,--
Th,Th
 , 
OIKShunne,OIKShunne
",",--
zae,zae
",",--
Direktion,Direktion
Felod,Felod
?,--
",",--
Ra,Ra
[,[
R,R
 , 
RE,RE
:,--
 , 
eU,eU
Komb,Komb
 , 
Tasino,Tasino
-Tneater,-Tneater
",",--
ze,ze
2,2
:,--
LI,LI
 , 
N,N
Ed,Ed
.,--
|,|
 , 
denefrücke,Denefrücke
 , 
je,je
.,--
 , 
Morf,Morf
una,una
 , 
nid0s8,nid0s8
Theater,Theater
",",--
|,|
wangs-Berltelerung,wangs-Berltelerung
.,--
 , 
mern,Mer
einer,ein
Plendfacer,Plendfacer
1,1
silb,silb
.,--
Handtasche,handtasche
",",--
 , 
Wit,Wit
dar,dar
vohördlichen,vohördlich
Freigabe,Freigabe
des,der
Abendverkehrs,Abendverkehr
Water,Water
mis,mis
zen,Zen
antlen,antlen
um,um
H,H
ie,ie
Betuaklang,Betuaklang
vt,vt
 , 
Richter,Richter
I,I
",",--
6:rieuverwee,6:rieuverwee
 , 
Elbinger,Elbinger
Straße,Straße
88.,88.
 , 
Walhalla-Theater,Walhalla-Theater
.,--
Birg,Birg
 , 
Wait,Wait
:,--
09.,09.
Derfeiger,Derfeiger
T!/s,T!/s
Uhr,Uhr
:,--
Augustd,Augustd
.,--
Starke,stark
 , 
«,--
>,>
Lulsen-Tneater,Lulsen-Tneater
.,--
[,[
1,1
 , 
[,[
wie,wie
Möbel,Möbel
.,--
Os,Os
9.,9.
Rogenthal,Rogenthal
",",--
Gide,Gide
 , 
=,=
fön,fön
7,7
%,%
vas,vas
Stü,Stü
allerdings,allerdings
",",--
deshalb,deshalb
kaufte,kaufen
ich,ich
es,es
vor,vor
einigen,einiger
Söhren,Söhr
in,in
Amsterdam,Amsterdam
;,--
aber,aber
besonders,besonders
selten,selten
?,--
Der,der
Juwe'ter,Juwe'ter
sagte,sagen
mir,mir
",",--
der,der
Diamant,Diamant
fei,fei
in,in
Brasilien,Brasilien
gefunden,finden
",",--
und,und
da,da
mir,mir
),--
wohl,wohl
nach,nach
mehr,mehr
von,von
der,der
Sorte,Sorte
liegen,liegen
.,--
“,--
Der,der
Gelehrte,gelehrte
nidie,nidien
.,--
wahl,wahl
ich,ich
dezweifein,Dezweifein
möchte,möchten
",",--
daß,daß
ein,ein
E,E
röf,röf
vorkommt,vorkommen
.,--
Eins,eins
habe,haben
ößyen,ößyen
Wunder,Wunder
der,der
Weit,Weit
1,1
SIe,SIe
MRIHN,MRIHN
Werden,Werden
;,--
grö,grö
u,u
x,x
Weit,Weit
von,von
Argusaugen,Argusauge
gehüte,gehüte
',--
ni,ni
wem,wem
der,der
Rajah,Rajah
von,von
Maisur,Maisur
nien,nien
mein,mein
Freund,Freund
und,und
Gass,Gass
eber,eber
gewesen,sein
wäre,sein
",",--
hätte,haben
er,er
mir,sich
schwerlie,schwerlie
),--
die,der
Gehcimnisse,Gehcimnis
's,s
Buddhaiempels,Buddhaiempel
im,in
Feisengebirge,Feisengebirge
verraten,verraten
.,--
“,--
Judica,Judica
rüctte,rücten
mit,mit
fieberhaft,Fieberhaft
glänzenden,glänzend
Augen,Auge
nähe,nähe
.,--
„,--
Das,der
müssen,müssen
Sie,sie
uns,uns
erzößlen,erzößlen
",",--
Mister,Mister
Walker,Walker
=,=
=,=
bitie,Bitie
",",--
 , 
bitte,bitte
?,--
„,--
Es,es
ist,sein
eigenklih,eigenklih
keine,kein
Ehre,Ehre
für,für
England,England
",",--
Lady,Lady
",",--
aber,aber
4,4
",",--
 , 
der,der
Affeg,Affeg
entsquldigt,entsquldigen
vieles,viele
.,--
Uso,Uso
in,in
jenem,jener
Tempel,Tempel
bis,bis
fat,fat
eine,ein
uralte,uralt
Duddhastatue,Duddhastatue
",",--
deren,der
Augen,Auge
von,von
zwet,zwet
cchwarzen,cchwarz
Diamanten,Diamant
gebildet,bilden
werden,werden
.,--
Wurden,Wurden
ist,sein
vieTeicht,vieTeicht
richtiger,richtig
ausgedrückt,ausdrücken
",",--
denn,denn
vor,vor
einer,ein
Reihe,Reihe
von,von
Zaren,Zar
eigne,eigne
»,--
ten,ten
sich,sich
englische,englisch
Offizizre,Offizizre
die,der
Edelsteine,Edelsteine
an,an
",",--
und,und
es,es
ist,sein
nur,nur
ge,ge
»,--
lungen,lungen
",",--
des,der
einen,einer
von,von
beiden,beide
wieder,wieder
habhaft,habhaft
zu,zu
werden,werden
.,--
Den,der
habe,haben
ich,ich
gesehen,sehen
",",--
und,und
ich,ich
muß,müssen
gestchen,gestchen
",",--
daß,daß
er,er
mich,sich
nach,nach
Größe,Größe
und,und
Farbe,Farbe
ganz,ganz
aufgerordet.ih,aufgerordet.ih
an,an
den,der
Schmut,Schmut
IHres,IHr
Gatien,Gatien
erinnert,erinnern
",",--
der,der
freilicß,Freilicß
niht,nihen
aus,aus
jenem,jener
Tempel,Tempel
ftammen,ftammen
kann,können
",",--
weil,weil
er,er
in,in
Brafilien,Brafilien
gefunden,finden
ist-,ist
Natürlih,Natürlih
existiert,existieren
der,der
echte,echt
Etein,Etein
noch,noch
irgendwo,irgendwo
",",--
aber,aber
ich,ich
kann,können
nur,nur
den,der
Wunsch,Wunsch
aussprehen,aussprehen
",",--
daß,daß
er,er
niemals,niemals
aus,aus
Tageslicht,Tageslicht
kommt,kommen
",",--
denn,denn
sein,sein
Besiher,Besiher
dürfte,dürfen
ungefähr,ungefähr
ebenso,ebenso
sicher,sicher
 , 
sein,sein
wie,wie
ein,ein
Mann,Mann
",",--
der,der
um,um
Mitternacht,Mitternacht
einen,ein
Beutel,Beutel
voll,voll
Gold,Gold
|,|
?,--
 , 
die,der
Verbrecherviertel,Verbrecherviertel
von,von
London,London
trägt,tragen
.,--
“,--
xry,xry
nahm,nehmen
den,der
Gdzmud,Gdzmud
wieder,wieder
cn,cn
sit,sit
„,--
Die,der
Jahre,Jahr
zermürben,zermürben
Granit,Granit
",",--
“,--
sagte,sagen
ex,ex
mit,mit
echt,echt
eng,eng
»,--
lischen,lisch
Phlegma,Phlegma
",",--
und,und
der,der
Gelehrte,Gelehrter
hob,heben
vorsietig,vorsietig
die,der
Schultern,Schulter
.,--
„,--
IH,IH
vermute,vermun
",",--
Mister,Mister
Perry,Perry
",",--
daß,daß
Sie,sie
niemals,niemals
in,in
Indien,Indien
gewesen,sein
find,Find
",",--
sonst,sonst
würden,werden
Sie,sie
dem,der
Einfluß,Einfluß
der,der
Zeit,Zeit
eine,ein
geringere,gering
Bedeutung,Bedeutung
beimessen,beimessen
.,--
Indien,Indien
ist,sein
das,der
Land,Land
der,der
Zahrtaufende,Zahrtaufende
",",--
und,und
ein,ein
einziges,einzig
Menschenalter,Menschenalter
verändert,verändern
dort,dort
die,der
Anschaung,Anschaung
ebensowenig,ebensowenig
",",--
wie,wie
der,der
einzelne,einzeln
Tropfen,Tropfen
den,der
Stein,Stein
auszuhöhlen,auszuhöhlen
vermag,vermögen
.,--
Wo,wo
es,es
sich,sich
aber,aber
gar,gar
um,um
religiöse,religiös
Anschauungen,Anschauung
handelt,handeln
",",--
wenn,wenn
das,der
Volk,Volk
in,in
seinen,sein
heiligsten,heilig
Gefühlen,Gefühl
verleßt,verleßen
ist,sein
",",--
da,da
wird,werden
die,der
Vergeltung,Vergeltung
von,von
Mund,Mund
zu,zu
Mund,Mund
und,und
von,von
Geschleht,Geschleht
zu,zu
Geschleht,Geschleht
überlie,überlie
/,--
ert,ert
",",--
so,so
daß,daß
nicht,nicht
selten,selten
der,der
Enkel,Enkel
büßen,büßen
muß,müssen
",",--
was,was
der,der
Ahne,Ahne
gesündigt,gesündigen
L,L
In,in
diesem,dieser
besonderen,besonderer
Falle,Fall
weiß,wissen
iH,iH
es,es
aus,aus
den,der
eigenen,eigen
Üteilungon,Üteilungon
meines,mein
Gostfreundes,Gostfreund
",",--
des,der
Rajah,Rajah
von,von
Maisur,Maisur
",",--
daß,daß
die,der
Priester,Priester
jenes,jener
beraubten,beraubt
Tempels,Tempel
niht,nihen
nur,nur
heute,heute
no,no
<,<
auf,auf
Roche,Roche
finnen,finnen
",",--
sondern,sondern
daß,daß
sie,sie
sogar,sogar
kürzlich,kürzlich
einen,ein
aus,aus
ihrer,ihr
Mitte,Mitte
nach,nach
England,England
geschhi,geschhi
>,>
t,t
hoben,heben
",",--
um,um
die,der
Spur,Spur
des,der
Seitigtums,Seitigtum
wieder,wieder
aufzunehmen,aufnehmen
",",--
Der,der
Abgesandte,Abgesandte
hat,haben
seine,sein
taste,ta
für,für
das,der
Gelingen,gelingen
eingesekt,eingesekt
.,--
und,und
wenn,wenn
ich,ich
Cigentümer,Cigentümer
des,der
Diamanten,Diamant
wäre,sein
",",--
s,s
»,--
würde,werden
is,--
),--
ihn,ihn
unter,unter
einen,ein
Dampfe,Dampfe
Hammer,Hammer
legen,legen
und,und
den,der
Staub,Staub
in,in
alle,aller
vier,vier
Winde,Wind
zerstreuen,zerstreuen
.,--
"""",--
M,M
 , 
Als,als
Verlobte,verlobter
empfehlen,empfehlen
aich,aich
V,V
 , 
jarks,jarks
an,an
zu,zu
328,328
Gl,Gl
:,--
 , 
1,1
Kreuzfuchökragen,Kreuzfuchökrage
",",--
(,--
2,2
me,--
es,es
me,--
1,1
Damenschirm,Damenschirm
Eph,Eph
und,und
.,--
Beider,Beider
",",--
Vr,vr
üb,üb
 , 
14.,14.
vorm,Vorm
.,--
 , 
Went,went
7,7
zwei,zwei
Monate,Monat
 , 
Hierdurch,Hierdurch
die,der
tpaurige,tpaurig
iw,Iw
 , 
7,7
%,%
:,--
Ehrliche,Ehrliche
Arbeit,Arbeit
.,--
NATIONALTHEATER,nATIONALTHEATER
 , 
Die,der
Voretel,Voretel
),--
",",--
Ind,Ind
",",--
fügt,fügen
",",--
75,75
V.etatt,V.etatt
 , 
Prinzenlieb,Prinzenlieb
 , 
Operai,Operai
.,--
»,--
von,von
Waiter,Waiter
Brome,Brome
",",--
 , 
Pferde-Auktion,Pferde-Auktion
 , 
Donnerstag,Donnerstag
",",--
"dem14,Novomber","dem14,Novomber"
er,er
",",--
vorm,vor
.,--
SIO,SIO
Uhr,Uhr
",",--
 , 
To,To
welangeo,welangeo
zum,zu
Verkauf,Verkauf
 , 
über,über
hundert,hundert
Pferde,Pferd
 , 
008,008
Begleiter,Begleiter
av,av
),--
Henry,Henry
Bender,Bender
Otto,Otto
Röhr,Röhr
 , 
Humoris,Humoris
:,--
am,an
Flüge,Flug
!,--
aowie,aowie
der,der
Grove,Grove
bunte,bunte
 , 
November,November
+,+
Spielpta“:1,Spielpta“:1
12,12
Kunstkräfte,Kunstkraft
i,i
:,--
 , 
Viehcentrale,Viehcentral
|,|
",",--
L.,L.
",",--
Zuchtviehaatellung,Zuchtviehaatellung
 , 
Magerviehhof,Magerviehhof
Friedrichsfelde-Berlin,Friedrichsfelde-Berlin
.,--
 , 
EE,EE
uhr,Uhr
I,I
ie,ie
Gt,Gt
Bine,Bine
Sutil,Sutil
des,der
 , 
Ernst,Ernst
Freundt,Freundt
 , 
langen,lang
",",--
fweren,fweren
",",--
mit,mit
1,1
erträgenen,erträgen
ühenhen,ühenh
Alter,Alter
 , 
verlo,verlo
rt,rt
 , 
naß,naß
In,in
 , 
Alls,All
Mister,Mister
Walker,Walker
gegangen,gehen
war,sein
",",--
fiel,fallen
Jadica,Jadica
beng,beng
ci,ci
Seit,seit
Re,Re
an,an
vans,vans
dien,di
Frutigen,Frutig
 , 
-,--
I,I
N,N
e,e
Te,Te
[,[
3,3
Wik,Wik
EIDER,EIDER
EIIIE,EIIIE
es,es
Etac,Etac
Mh,Mh
ER,ER
WERE,WERE
Blut,Blut
",",--
th,Th
karn,Karn
mir,mir
nicht,nicht
helf,helf
;,--
Und,und
nun,nun
weiß,wissen
Best,Best
bel,bel
bedeutet,bedeuten
",",--
die,der
Mörder,Mörder
sind,sein
auf,auf
seiner,sein
Spr,Spr
",",--
D,D
;,--
 , 
darsst,darssen
ihn,ihn
niht,nihen
mehr,mehr
tragen,tragen
",",--
John,John
",",--
an,an
Deiner,Deiner
Stelle,Stelle
würde,werden
19,19
jen,jen
Rat,Rat
Mister,Mister
Walkers,Walker
befolgen,befolgen
=,=
es,es
war,sein
wirklis,wirklis
ei,ei
Rat,Rat
",",--
den,der
er,er
Dir,dir
gab,geben
",",--
dean,dean
i,i
<,<
),--
sah,sehen
seinen,sein
Augen,Auge
dsa,dsa
Vor,vor
.,--
 , 
dacht,dacht
an,an
!,--
“,--
 , 
„,--
Das,der
sind,sein
ja,ja
alles,alle
Phantasien,Phantasie
",",--
Darling,Darling
.,--
Für,für
lang,lang
hat,haben
sich,sich
kein,kein
Mensch,Mensch
um,um
die,der
Sache,Sache
gekümmert,kümmern
",",--
ard,Ard
depnod,depnod
eiwas,eiwas
daron,Daron
if,if
",",--
so,so
liegt,liegen
Amerita,Amerita
weit,weit
gens3,gens3
von,von
England,England
entfernt,entfernen
.,--
Es,es
handelt,handeln
sic,sic
),--
um,um
cin,cin
Familienandenlen,Familienandenle
und,und
außerdem,außerdem
Hat,haben
der,der
Diamant,Diamant
wirktich,wirktich
einen,ein
bedeutenden,bedeutend
 , 
„,--
So,so
laß,laß
mich,mich
ihn,ihn
tragen,tragen
!,--
“,--
fagi2,fagi2
Judica,Judica
haftig,haftig
.,--
 , 
„,--
Du,du
kannst,kannsen
ihn,ihn
ja,ja
niht,nihen
leiden,leiden
",",--
Girl,Girl
.,--
Glaub,Glaub
“,--
wir,wir
",",--
roy,roy
Mörderhänden,Mörderhänden
bin,sein
iH,iH
voltommen,voltommen
",",--
sicher,sicher
",",--
solange,solange
Hana,Hana
mein,mein
Schatten,Schatten
ist,sein
",",--
u,u
?,--
weißt,weißt
",",--
daß,daß
er,er
nicht,nicht
daran,daran
den,der
!,--
mich,mich
zu,zu
einem,ein
„,--
Mann,Mann
ohne,ohne
Schatten,Schatten
“,--
zu,zu
machen,machen
.,--
“,--
"""",--
*,*
 , 
Das,der
Lehtere,Lehtere
wer,wer
richtig,richtig
",",--
der,der
eger,eg
hing,Hing
mit,mit
der,der
Tre,Tre
;,--
pm,pm
18,18
ggg,ggg
an,an
scinem,scin
Herrn,Herr
",",--
und,und
das,der
hatte,haben
seine,sein
91,91
;,--
 , 
ri,ri
e.,e.
 , 
Hannibal,Hannibal
war,sein
nicht,nicht
in,in
den,der
Vercinigten,vercinigt
Staaten,Staat
c,c
sondern,sondern
stammte,stammen
tirelt,Tirelt
von,von
der,der
Goldlüte,Goldlüte
",",--
wo,wo
B,--
:,--
immerhin,immerhin
seiiene,seiien
Exemplar,Exemplar
auf,auf
einer,einer
seiner,sein
Neis,Neis
:,--
n,n
e,e
und,und
als,als
Diener,Diener
angencmmen,angencmmen
hatte,haben
.,--
Zunächt,zunächt
nur,nur
chend,chend
als,als
affznträger,affznträg
für,für
die,der
Löwenjag,Löwenjag
?,--
;,--
aber,aber
<,<
önen,ön
Tages,Tag
geriet,geraten
der,der
Mor,Mor
unter,unter
die,der
Klzuen,Klzue
des,der
D,D
;,--
königs,König
und,und
hätte,haben
wohl,wohl
6,6
Perrys,Perrys
Kugel,Kugel
das,der
schw2r,schw2r
.,--
 , 
lassen,lassen
müssen,müssen
.,--
Seitdem,seitdem
sesselte,sesselten
ihn,ihn
di,di
?,--
Dandrkeit,Dandrkeit
ar,ar
.,--
Herrn,Herr
",",--
ex,ex
verlicß,Verlicß
den,der
limatlic,Limatlic
),--
real,real
",",--
lernte,lernen
Englij,Englij
;,--
radebrehen,radebrehen
und,und
tausche,tauschen
sogar,sogar
seinen,sein
unaus,Unaus
“,--
Namen,Name
mit,mit
dem,der
des,der
derühmten,derühmt
Karthagers,Karthager
.,--
wurde,werden
er,er
ziemlich,ziemlich
verwöhnt,verwöhnen
",",--
kannte,kennen
tun,tun
und,und
lassen,lassen
",",--
wes,wes
ex,ex
wollte,wollen
",",--
und,und
Behandelte,Behandelte
die,der
übrige,übrig
Dienerschaft,Dienerschaft
mit,mit
souveräner,souverän
 , 
Verochtut,Verochtut
Gir,Gir
Jadlea,Jadlea
ging,gehen
er,er
durchs,durch
Feuer,Feuer
.,--
Seitdem,seitdem
er,er
die,der
shine,shin
Reiterin,Reiterin
auf,auf
seinen,sein
Armen,arme
getrogen,trogen
hatte,haben
",",--
war,sein
sie,sie
für,für
ia,ia
ein,ein
Kleinch,Kleinch
und,und
Gegenstand,Gegenstand
des,der
S,S
>,>
ubes,ubes
;,--
es,es
kam,kommen
hier,hier
jenes,jener
ritterliche,ritterlich
Empfinden,Empfinde
zum,zu
Ausdruck,Ausdruck
",",--
das,der
man,man
der,der
äthiz,äthiz
«,--
pischen,pisch
Rasse,Ras
so,so
oft,oft
abspricht,abspricht
",",--
das,der
ader,ad
dewno,Dewno
>,>
nur,nur
ein,ein
Opfer,Opfer
der,der
Eflaverei,Eflaverei
und,und
ihrer,ihr
späteren,spät
Folgen,Folge
wurde,werden
.,--
Hannib!3,Hannib!3
Vorfahren,Vorfahre
hatten,haben
niemals,niemals
Ketten,Kette
getragen,tragen
",",--
und,und
da,da
Ju,Ju
!,--
eine,ein
gütige,gütig
in,in
war,sein
",",--
so,so
verehrte,verehren
der,der
Schn,Schn
Afrika,Afrika
etwa,etwa
in,in
der,der
se,se
",",--
wie,wie
er,er
daheim,daheim
des,der
strahlende,strahlend
E,E
:,--
estirn,Estirn
angebetet,angebeten
hette,Hette
",",--
dessen,der
gs,gs
hende,hend
Pfeile,Pfeil
€,€
je,je
rauHschwere,rauHschwere
Luft,Luft
New,New
Yorks,York
funkzlnd,funkzlnd
dur,dur
',--
diea,diea
litt,litt
ein,ein
wenig,wenig
unter,unter
dieser,dieser
"""",--
ngewöhnligen,ngewöhnligen
8:38,8:38
am,am
liebsten,lieb
in,in
der,der
Veraa-a,Veraa-a
auf,auf
",",--
die,der
von,von
alien,alien
umgeben,umgeben
war,sein
.,--
 , 
(,--
Fortsezung,Fortsezung
folgt,folgen
.,--
),--
 , 
da,da
Gur'ner,Gur'ner
Dave,Dave
(,--
REZ,REZ
zn,zn
der,der
Heftet-ätte,Heftet-ätte
Viliivp,Viliivp
Oinfoit,Oinfoit
',--
Ditzeront,Ditzeront
depen,Dep
",",--
 , 
und,und
So,so
!,--
Fiatte,fiatt
er,er
Bengoro,Bengoro
den,der
Tor,Tor
;,--
 , 
Fe,Fe
EI,EI
beant,beanen
Paul,Paul
Coffer3,Coffer3
L,L
zutersiel,zutersiel
im,in
WB,WB
.,--
2,2
hre,hre
naß,naß
He,He
führung,Führung
EIIIE,EIIIE
|,|
[,[
ESILS,ESILS
2,2
an,an
Daagentnchätbeng,Daagentnchätbeng
",",--
ein,ein
Hüzlein,Hüzlein
Sand,Sand
",",--
iH,iH
maßie,Maßie
-,--
;,--
T,T
Pdie,Pdie
9,9
 , 
SEE,SEE
nieg,nieg
|,|
EPAEIESGES,EPAEIESGES
g,g
"""",--
Vit,Vit
Sehnsucht,Sehnsucht
denke,denken
i,i
&,&
Danksagung,Danksagung
.,--
pulif,Pulif
O,O
 , 
“,--
Nn,Nn
4,4
?,--
den,der
1.,1.
Pippe,Pippe
eu,EU
den,der
führende,führend
Pat,Pat
ist,sein
",",--
 , 
weines,wein
fiben,fiben
Mavnek,Mavnek
",",--
des,der
[,[
8,8
 , 
Sur,Sur
üoehehrt,üoehehren
vom,von
Gietndrucmaschinenwei,Gietndrucmaschinenwei
es,es
 , 
Max,Max
Plöß,Plöß
 , 
di,di
alten,alt
deyen,Deyen
",",--
die,der
wied,Wied
dei,dei
diesem,dieser
säweren,säwer
Ganze,ganz
iF,iF
 , 
jetet,jeten
hoden,hoden
.,--
weinen,wein
1ergidden,1ergidde
Dan,Dan
 , 
Don,Don
Bireiorn,Bireiorn
des,der
O4.cß,O4.cß
Dävensiraße,Dävensiraße
enßeuern,enßeuern
der,der
Jima,Jima
Bitzen,Bitz
ie1,ie1
:,--
 , 
der,der
Eieindimder,Eieindimder
und,und
vit,vit
daropven,Daropv
.,--
jein,Jein
„,--
GemutliGtcU,GemutliGtcU
jür,Jür
des,der
Mi,Mi
und,und
 , 
Ehenapenden,Ehenapenden
wnn,wnn
een,een
Do,Do
de,de
Sate,Sate
 , 
Öle,Öl
mein,mein
ven,v
Dent,Dent
für,für
die,der
feößenben,feößenb
Wei,Wei
 , 
en,en
Mannes,Mann
 , 
Im,in
tie'er,tie'er
Zrauer,Zrauer
 , 
Witwe,Witwe
Klara,Klara
Plöv,Plöv
",",--
oed,oed
.,--
Breßler,Breßler
",",--
und,und
Kinder,Kind
.,--
kiß,kiß
Berlin,Berlin
",",--
den,der
11.,11.
Nov-mmher,Nov-mmher
19:8.,19:8.
Dänenitraße,Dänenitraße
9.,9.
 , 
*,*
<,<
 , 
nedt,nedt
:,--
„,--
ronpu,ronpu
der,der
Or,Or
:,--
 , 
die,der
vielen,vieler
Beweise,Beweis
h,h
«,--
Teilna,Teilna
“,--
me,--
und,und
die,der
Wilen,Wile
13,13
mm,mm
Reanplpenden,Reanplpend
",",--
de,de
der,der
Beerdigung,Beerdigung
meiner,mein
gesiedien,gesiedi
Gartin,Gartin
",",--
unserer,unser
Hergensguen,hergensgu
Ma,Ma
meiner,mein
lieben,lieb
Tochter,Tochter
",",--
unterer,unter
lieben,lieben
Schwester,Schwester
",",--
Ghwä-,Ghwä
gerin,Gerin
und,und
Tante,Tante
 , 
Minna,Minna
Becker,Becker
 , 
viehboten,viehbot
ehren,Ehre
jamft,Jamft
ents,Ent
igen,igen
im,in
Kefsiem,Kefsiem
Kundschaft,Kundschaft
",",--
dem,der
„,--
Beriiner,Beriiner
Männerchor,Männerchor
Osten,Osten
“,--
",",--
der,der
:,--
„,--
Verein,Verein
jelöständiger,jelöständig
bong,Bong
Zun,Zun
ig,IG
Luiser-,Luiser
stadt,Stadt
“,--
",",--
insdesonders,insdesonders
ug,ug
4,4
(,--
ür,ür
die,der
|,|
P.,P.
Freundt,Freundt
und,und
Fran,Fran
.,.
4,4
(,--
eesräihen,eesräih
Wero,Wero
am,an
meine,meinen
:,--
lieben,lieb
Gattin,Gattin
„,--
enen,en
fü,fü
SEL,SEL
Hr,Hr
EIE,EIE
SE,SE
ies,ies
bol,Bol
?,--
Berker,Berker
nedst,nedst
Kindern,Kind
.,--
Baas,Baas
(,--
eis,eis
Tiare,Tiare
weren,weren
We,We
Emmy,Emmy
Hagen,Hag
",",--
Selene,Selen
Dip,Dip
H,H
uk,uk
.,--
Kaange,Kaange
jede,jeder
mn,mn
ade,ade
Heyn,Heyn
als,als
Shwestern,Shwester
.,--
Nit,nit
989,989
um,um
"""",--
310,310
Übr,Übr
forige,forig
erat,erat
Hermann,Hermann
Hagen,Hagen
",",--
zisse,zisse
Heyn,Heyn
al,al
:,--
1,1
:,--
0s0,0s0
dam,dam
Bios,Bios
07,07
+8.,+8.
3,3
zu,zu
Sparben,Sparbe
uud,uud
.,--
1,1
det,det
armes,armes
.,--
fuge,Fuge
1,1
a,a
epeT,epeT
MÄD,MÄD
Dank'agung,Dank'agung
.,--
verden,verd
Beer,Beer
n,n
-,--
die,der
(,--
4-,4-
My,My
se,se
|,|
„,--
and,and
Drunatme,Drunatme
beim,bei
Heim-,Heim
ivy,ivy
n,n
ür,ür
Else,Else
Vas,Vas
.nann,.nann
.,--
japen,jape
wir,wir
azen,az
unden,unden
",",--
zumin,Zumin
sowie,sowie
den,der
verdigmng,verdigmng
findet,finden
a,a
 , 
Henhelle,Henhelle
des,der
uhu,uhu
 , 
